ID,theta_E,theta_E_sigma
00000000,0.48447,0.05117
00000001,0.67617,0.03951
00000002,0.79730,0.05198
00000003,0.49849,0.02750
00000004,2.93450,0.41850
00000005,1.67030,0.22907
00000006,0.47748,0.02365
00000007,0.85010,0.05081
00000008,0.33361,0.02972
00000009,0.73364,0.04377
00000010,0.41769,0.02800
00000011,0.43899,0.03349
00000012,0.54303,0.03775
00000013,0.66300,0.03532
00000014,0.70628,0.05851
00000015,1.78211,0.17650
00000016,0.92493,0.05780
00000017,0.49481,0.03694
00000018,0.80293,0.05493
00000019,1.06588,0.09062
00000020,0.74774,0.05146
00000021,1.06157,0.11618
00000022,0.90126,0.06253
00000023,0.33474,0.02543
00000024,0.46685,0.03904
00000025,0.45221,0.03506
00000026,1.62482,0.56955
00000027,0.85175,0.05246
00000028,0.42587,0.03532
00000029,0.41785,0.02458
00000030,0.35436,0.02275
00000031,0.50253,0.02684
00000032,1.24859,0.17160
00000033,0.60722,0.03899
00000034,0.39732,0.03632
00000035,1.00650,0.06432
00000036,1.31279,0.12185
00000037,0.63124,0.03626
00000038,0.63433,0.05047
00000039,0.40325,0.02624
00000040,0.42746,0.03715
00000041,0.93270,0.06041
00000042,0.21946,0.02417
00000043,0.58706,0.03863
00000044,0.51500,0.03085
00000045,0.36924,0.02395
00000046,0.80974,0.08013
00000047,0.72404,0.04788
00000048,0.68728,0.03958
00000049,2.43352,0.29752
00000050,0.71115,0.06981
00000051,0.43508,0.02874
00000052,0.79835,0.06137
00000053,0.40557,0.03188
00000054,0.69947,0.03392
00000055,0.48320,0.03432
00000056,1.25798,0.10384
00000057,0.52351,0.03912
00000058,0.55897,0.04310
00000059,0.60238,0.04168
00000060,0.42703,0.02615
00000061,1.12321,0.14631
00000062,0.30366,0.02843
00000063,0.32160,0.02716
00000064,0.72573,0.04323
00000065,0.94261,0.09257
00000066,0.64519,0.04391
00000067,0.57546,0.03890
00000068,0.89076,0.09400
00000069,0.59941,0.04645
00000070,1.36759,0.10563
00000071,0.57477,0.03536
00000072,0.23716,0.03799
00000073,0.87813,0.10207
00000074,0.39435,0.02355
00000075,0.57789,0.03877
00000076,0.94521,0.06358
00000077,0.65307,0.04801
00000078,0.39576,0.02819
00000079,0.37784,0.02974
00000080,1.16844,0.09076
00000081,0.53737,0.03338
00000082,0.96689,0.06715
00000083,0.98622,0.08844
00000084,1.42511,0.10777
00000085,0.94157,0.06993
00000086,0.56843,0.03436
00000087,1.18737,0.10759
00000088,2.51505,0.31805
00000089,0.87344,0.07053
00000090,0.27135,0.03234
00000091,0.83956,0.11095
00000092,0.65898,0.05646
00000093,1.04489,0.06592
00000094,0.72086,0.05778
00000095,0.22540,0.02453
00000096,0.99217,0.06499
00000097,1.09775,0.09777
00000098,0.69842,0.03891
00000099,0.50960,0.03290
00000100,2.21027,0.28128
00000101,0.62328,0.08033
00000102,0.44123,0.03024
00000103,0.63761,0.09049
00000104,0.60434,0.03489
00000105,1.78934,0.20186
00000106,0.26178,0.03370
00000107,0.74763,0.04380
00000108,0.80511,0.05675
00000109,0.26978,0.04624
00000110,0.56446,0.03325
00000111,0.22718,0.02331
00000112,0.98276,0.11651
00000113,0.73175,0.11104
00000114,0.50056,0.03901
00000115,0.63838,0.04200
00000116,0.22778,0.02565
00000117,0.51142,0.03532
00000118,1.13334,0.09564
00000119,0.69109,0.05162
00000120,0.60708,0.03852
00000121,0.46197,0.03141
00000122,0.62454,0.03753
00000123,0.38234,0.03478
00000124,0.55508,0.03680
00000125,1.22597,0.13288
00000126,0.62166,0.05018
00000127,0.68234,0.03627
00000128,0.79764,0.04716
00000129,0.55289,0.05485
00000130,0.25351,0.02361
00000131,0.85739,0.07657
00000132,0.58914,0.03588
00000133,1.53593,0.14806
00000134,0.98792,0.08085
00000135,0.46723,0.02865
00000136,0.46032,0.02719
00000137,0.21284,0.02228
00000138,0.62393,0.03591
00000139,0.78033,0.04578
00000140,0.65197,0.03664
00000141,0.55093,0.03501
00000142,0.97638,0.09547
00000143,0.46232,0.02827
00000144,0.39250,0.02532
00000145,2.34559,0.30756
00000146,0.63234,0.03655
00000147,0.43057,0.03440
00000148,0.40568,0.02411
00000149,0.84204,0.07558
00000150,0.44887,0.04119
00000151,0.46325,0.02734
00000152,0.76738,0.04794
00000153,0.56941,0.07321
00000154,0.48624,0.03165
00000155,0.93343,0.08005
00000156,1.14314,0.08763
00000157,1.37075,0.11917
00000158,0.55088,0.03539
00000159,1.65414,0.13991
00000160,0.60521,0.03861
00000161,0.21934,0.02231
00000162,0.31324,0.02727
00000163,0.38894,0.02394
00000165,0.67091,0.04678
00000166,0.90353,0.06960
00000167,0.51989,0.02876
00000168,1.00575,0.08493
00000169,0.52384,0.04141
00000170,1.65103,0.17186
00000171,0.33056,0.02927
00000172,0.31521,0.03224
00000173,1.24144,0.13055
00000174,0.55299,0.13560
00000175,1.07776,0.12688
00000176,0.25189,0.02920
00000177,1.67443,0.14748
00000178,0.48094,0.03217
00000179,0.45709,0.30306
00000180,1.11881,0.09397
00000181,1.74940,0.14334
00000182,1.58723,0.13307
00000183,0.50055,0.03304
00000184,2.05493,0.20549
00000185,0.79202,0.06605
00000186,1.08859,0.08527
00000187,0.29041,0.02496
00000188,0.55108,0.03113
00000189,0.52986,0.02797
00000190,0.41183,0.02522
00000191,0.62671,0.03567
00000192,0.88881,0.09470
00000193,0.56857,0.03616
00000194,0.57215,0.03493
00000195,1.42452,0.13760
00000196,0.51744,0.03251
00000197,1.05134,0.08040
00000198,0.63014,0.04057
00000199,0.81194,0.07989
00000200,0.48834,0.03518
00000201,2.37983,0.24925
00000202,0.50047,0.04329
00000203,2.60318,0.29450
00000204,1.00064,0.06375
00000205,1.30473,0.15479
00000206,0.46635,0.02894
00000207,0.98677,0.09829
00000208,0.61900,0.03958
00000209,0.91470,0.05589
00000210,0.62814,0.03121
00000211,0.74787,0.05478
00000212,0.85507,0.05825
00000213,2.30674,0.28219
00000214,0.63473,0.03435
00000215,2.38736,0.32543
00000216,0.96878,0.06281
00000217,0.90907,0.07279
00000218,0.46202,0.02673
00000219,0.75493,0.04283
00000220,0.94321,0.06918
00000221,0.46236,0.03250
00000222,1.18281,0.08433
00000223,0.52094,0.03231
00000224,1.43292,0.12003
00000225,0.33222,0.02068
00000226,0.25414,0.02245
00000227,0.59284,0.04218
00000228,0.58714,0.03522
00000229,0.34659,0.02289
00000230,0.54890,0.04116
00000231,0.57093,0.04014
00000232,0.92888,0.05946
00000233,0.55429,0.03192
00000234,1.21540,0.10492
00000235,0.61363,0.03999
00000236,0.89058,0.05723
00000237,0.69519,0.04017
00000238,1.07107,0.09079
00000239,1.81079,0.18730
00000240,0.28870,0.02970
00000241,0.53359,0.03213
00000242,0.67577,0.03760
00000243,0.66607,0.04351
00000244,0.63269,0.04827
00000245,1.38667,0.09982
00000246,0.49123,0.03201
00000247,0.48978,0.03583
00000248,0.40239,0.02763
00000249,0.99429,0.07319
00000250,0.98049,0.10775
00000251,0.87473,0.05191
00000252,0.89054,0.11137
00000253,0.44674,0.02466
00000254,0.58507,0.03685
00000255,1.52019,0.11879
00000256,1.42759,0.15990
00000257,0.40576,0.02749
00000258,0.99669,0.07538
00000259,0.46171,0.03039
00000260,0.44812,0.04240
00000261,0.47173,0.02797
00000262,2.09349,0.27208
00000263,0.35039,0.03617
00000264,1.15045,0.08913
00000265,0.59354,0.03193
00000266,0.95024,0.07263
00000267,0.52760,0.03201
00000268,0.70632,0.04742
00000269,1.09680,0.20141
00000270,0.59156,0.04425
00000271,0.50883,0.05589
00000272,0.69239,0.04341
00000273,0.65673,0.03805
00000274,0.59499,0.03677
00000275,0.50856,0.03049
00000276,0.70416,0.05389
00000277,0.28359,0.02411
00000278,0.50105,0.02879
00000279,0.52624,0.03330
00000280,0.52625,0.02896
00000281,0.58665,0.03553
00000282,0.36108,0.02580
00000283,0.52304,0.04471
00000284,0.40332,0.02441
00000285,0.78713,0.04942
00000286,0.47662,0.03704
00000287,0.75861,0.06600
00000288,0.40110,0.02468
00000289,0.29656,0.02268
00000290,2.65202,0.34154
00000291,0.52488,0.04006
00000292,0.66584,0.05489
00000293,0.52447,0.03472
00000294,0.58591,0.03619
00000295,0.79895,0.05663
00000296,0.74344,0.06354
00000297,0.50975,0.03219
00000298,0.84998,0.08547
00000299,0.34293,0.02796
00000300,0.85563,0.05548
00000301,0.57161,0.03604
00000302,1.76480,0.17222
00000303,1.02210,0.07007
00000304,0.58263,0.03880
00000305,0.98211,0.07748
00000306,0.23441,0.02171
00000307,0.62464,0.04165
00000308,0.93188,0.05927
00000309,1.13298,0.10126
00000310,0.79313,0.04890
00000311,0.43969,0.02729
00000312,0.43334,0.02833
00000313,0.54968,0.04031
00000314,1.40197,0.15607
00000315,0.29564,0.02098
00000316,0.34736,0.02601
00000317,1.09904,0.08531
00000318,0.45158,0.03664
00000319,0.57658,0.03121
00000320,0.60685,0.04842
00000321,0.54430,0.02999
00000322,0.59698,0.05305
00000323,2.25176,0.29969
00000324,0.28989,0.02430
00000325,0.56247,0.04290
00000326,0.73679,0.04909
00000327,0.42168,0.02315
00000328,0.68873,0.04266
00000329,1.20660,0.08552
00000330,1.00179,0.07668
00000331,0.99400,0.09068
00000332,0.70234,0.04109
00000333,0.41507,0.02820
00000334,0.17634,0.02018
00000335,0.33995,0.02886
00000336,0.84909,0.08650
00000337,0.78049,0.05265
00000338,0.70511,0.04604
00000339,0.74207,0.05168
00000340,0.30341,0.02583
00000341,0.65308,0.04501
00000342,0.65358,0.03701
00000343,1.22005,0.12139
00000344,0.49957,0.03709
00000345,0.95233,0.06891
00000346,1.25931,0.16042
00000347,1.15653,0.08465
00000348,0.88949,0.07689
00000349,0.41317,0.02673
00000350,1.07530,0.07396
00000351,0.51944,0.04645
00000352,0.88342,0.05692
00000353,0.39304,0.02302
00000354,0.75075,0.04506
00000355,0.82418,0.05912
00000356,0.95144,0.05965
00000357,0.98303,0.08957
00000358,0.52184,0.03652
00000359,0.47124,0.03117
00000360,0.58116,0.04269
00000361,0.74702,0.04437
00000362,0.46761,0.03289
00000363,0.70131,0.05201
00000364,1.03781,0.07989
00000365,0.84531,0.04552
00000366,0.40086,0.02339
00000367,0.70608,0.04041
00000368,0.61330,0.06121
00000369,0.44145,0.02414
00000370,1.24622,0.10323
00000371,0.88524,0.07079
00000372,2.43934,0.29879
00000373,1.81593,0.16566
00000374,0.74175,0.06264
00000375,1.24789,0.10795
00000376,0.49920,0.02901
00000377,0.94293,0.07366
00000378,1.04701,0.08655
00000379,0.47278,0.02583
00000380,2.10665,0.23147
00000381,0.61686,0.04006
00000382,0.45814,0.02981
00000383,0.80099,0.06449
00000384,0.69574,0.05586
00000385,0.34765,0.02487
00000386,0.68771,0.05070
00000388,0.63289,0.03729
00000389,0.86807,0.07392
00000390,0.63291,0.03713
00000391,1.60412,0.17944
00000392,1.69792,0.18237
00000393,1.09084,0.07622
00000394,0.23412,0.08451
00000395,1.00554,0.08697
00000396,0.72032,0.05579
00000397,0.36804,0.03669
00000398,0.38279,0.02348
00000399,0.66789,0.03962
00000400,0.42173,0.03464
00000401,0.79610,0.05630
00000402,0.26087,0.02091
00000403,0.65667,0.03980
00000404,0.53378,0.03914
00000405,0.90305,0.07807
00000406,0.37450,0.02558
00000407,2.13652,0.21754
00000408,1.12417,0.11035
00000409,0.65507,0.03947
00000410,0.56247,0.03751
00000411,0.57165,0.03043
00000412,0.64009,0.04387
00000413,0.65627,0.04465
00000414,0.47682,0.03182
00000415,0.36437,0.02570
00000416,0.92615,0.13017
00000417,0.82859,0.05195
00000418,0.58954,0.03134
00000419,0.94178,0.05541
00000420,0.50084,0.02734
00000421,0.26188,0.02493
00000422,0.59666,0.03946
00000423,1.49152,0.13211
00000424,1.01291,0.06382
00000425,0.45572,0.02687
00000426,0.71786,0.05177
00000427,0.58864,0.04403
00000428,0.74798,0.05334
00000429,0.71761,0.04577
00000430,0.25812,0.02495
00000431,2.24543,0.22480
00000432,0.74608,0.04342
00000433,0.42150,0.02651
00000434,0.18438,0.01857
00000435,1.60746,0.12859
00000436,1.69646,0.16851
00000437,1.04785,0.09842
00000438,0.53812,0.04063
00000439,0.76458,0.05587
00000440,0.91670,0.06628
00000441,0.72576,0.04102
00000442,0.28412,0.02329
00000443,0.46523,0.02833
00000444,1.45709,0.10596
00000445,0.45176,0.03535
00000446,2.80819,0.31186
00000447,0.76850,0.04723
00000448,0.98183,0.06353
00000449,0.87763,0.07127
00000450,0.84783,0.05200
00000451,0.40039,0.02223
00000452,1.94985,0.21999
00000453,1.28529,0.10443
00000454,0.39447,0.02290
00000455,0.27018,0.02527
00000456,0.98339,0.07427
00000457,0.55497,0.03868
00000458,0.57797,0.03671
00000459,0.69779,0.04815
00000460,1.00537,0.06341
00000461,0.29951,0.03477
00000462,0.18771,0.02058
00000463,0.95394,0.07308
00000464,0.30724,0.03278
00000465,2.15581,0.30951
00000466,1.04539,0.08387
00000467,0.28471,0.02594
00000468,0.65993,0.03622
00000469,0.62770,0.05109
00000470,0.19752,0.02459
00000471,0.63258,0.04606
00000472,0.55016,0.04139
00000473,0.34358,0.02556
00000474,0.64217,0.05509
00000475,0.72899,0.04683
00000476,1.03806,0.07899
00000477,1.17022,0.08200
00000478,0.92293,0.05737
00000479,0.65020,0.05167
00000480,0.28688,0.02079
00000481,0.27700,0.02560
00000482,0.89411,0.06109
00000483,0.53848,0.02810
00000484,0.51189,0.03832
00000485,0.49415,0.02829
00000486,0.32220,0.02621
00000487,0.74224,0.06588
00000488,0.59895,0.06176
00000489,1.59151,0.14913
00000490,1.20849,0.12114
00000491,0.36775,0.02429
00000492,0.57799,0.03070
00000493,0.29526,0.03487
00000494,0.80908,0.05127
00000495,0.73186,0.07752
00000496,0.45059,0.03417
00000497,0.41694,0.02856
00000498,1.26005,0.16745
00000499,0.92786,0.08121
00000500,0.45701,0.03382
00000501,0.43635,0.03600
00000502,1.15523,0.08904
00000503,0.54125,0.03808
00000504,0.59174,0.03301
00000505,0.28438,0.02818
00000506,0.73487,0.08041
00000507,0.91834,0.06194
00000508,0.91775,0.05342
00000509,0.91919,0.05783
00000510,0.62287,0.03592
00000511,0.73186,0.04744
00000512,0.40550,0.02493
00000513,1.31448,0.12010
00000514,0.45006,0.02899
00000515,0.93532,0.05820
00000516,0.77183,0.04558
00000517,1.62044,0.13799
00000518,0.56723,0.03680
00000519,1.70921,0.25855
00000520,0.49057,0.03340
00000521,0.41946,0.02894
00000522,2.17803,0.21284
00000523,0.46879,0.02553
00000524,0.46885,0.03270
00000525,1.26885,0.08816
00000526,1.73265,0.14213
00000527,0.51516,0.02837
00000528,0.44280,0.02624
00000529,1.31023,0.10978
00000530,0.43520,0.02818
00000531,1.27087,0.09880
00000532,1.01044,0.09432
00000533,1.44875,0.13770
00000534,0.54331,0.06426
00000535,0.42689,0.02446
00000536,1.24403,0.11272
00000537,0.92061,0.12635
00000538,0.85578,0.05623
00000539,0.60361,0.03931
00000540,0.41791,0.03162
00000541,0.79653,0.13686
00000542,0.45592,0.03018
00000543,0.63460,0.04745
00000544,0.46078,0.04034
00000545,0.85177,0.09315
00000546,0.43402,0.02885
00000547,0.22749,0.02096
00000548,0.52496,0.02930
00000549,0.39388,0.04649
00000550,0.46313,0.03650
00000551,0.51895,0.02921
00000552,0.97165,0.06763
00000553,0.22948,0.02099
00000554,0.31837,0.02372
00000555,0.36957,0.03122
00000556,0.70110,0.05403
00000557,0.43471,0.02757
00000558,0.96770,0.08463
00000559,0.79184,0.04215
00000560,0.83315,0.07000
00000561,0.55735,0.03271
00000562,2.26214,0.26502
00000563,0.40806,0.03447
00000564,0.27952,0.02143
00000565,1.40089,0.10690
00000566,0.45718,0.04237
00000567,0.49003,0.03004
00000568,0.83498,0.05027
00000569,0.83716,0.07931
00000570,0.44551,0.05674
00000571,0.80087,0.05075
00000572,0.69347,0.05191
00000573,0.53785,0.03852
00000574,0.53030,0.03212
00000575,1.38107,0.12631
00000576,0.66603,0.04643
00000577,0.76547,0.05747
00000578,1.57829,0.13439
00000579,0.44682,0.03832
00000580,0.50588,0.02870
00000581,0.61838,0.03809
00000582,0.48133,0.02684
00000583,0.43851,0.03168
00000584,0.64378,0.03494
00000585,0.74365,0.06847
00000586,0.35511,0.02331
00000587,1.19961,0.08879
00000588,0.42335,0.03064
00000589,0.62541,0.03517
00000590,0.79946,0.05965
00000591,0.43731,0.02544
00000592,0.69170,0.04349
00000593,0.50603,0.02525
00000594,0.49235,0.03018
00000595,0.67471,0.04976
00000596,1.86201,0.17697
00000597,0.69936,0.04382
00000598,0.97414,0.07962
00000599,0.77918,0.05437
00000600,0.43767,0.02336
00000601,0.56907,0.03550
00000602,0.44973,0.02734
00000603,0.71544,0.03836
00000604,0.46380,0.03700
00000605,1.00861,0.09133
00000606,1.10577,0.10502
00000607,0.98260,0.06410
00000608,0.30334,0.03004
00000609,0.51978,0.03540
00000610,0.68841,0.04154
00000611,0.95572,0.06717
00000612,0.84770,0.05864
00000613,0.76390,0.05107
00000614,0.34341,0.02329
00000615,0.81531,0.05296
00000616,0.48883,0.03153
00000617,1.01051,0.09624
00000618,1.10229,0.11886
00000619,0.41666,0.02841
00000620,0.52505,0.03342
00000621,0.56547,0.04943
00000622,0.58653,0.04279
00000623,0.61992,0.04376
00000624,0.35824,0.03171
00000625,1.04638,0.06843
00000626,1.06717,0.08296
00000627,1.01287,0.09585
00000628,0.84304,0.05102
00000629,0.27032,0.02266
00000630,0.40353,0.03264
00000631,0.66857,0.05274
00000632,1.06738,0.09749
00000633,0.44780,0.02500
00000634,0.24755,0.02399
00000635,1.15773,0.12825
00000636,0.59059,0.03527
00000637,0.90179,0.07568
00000638,0.48807,0.03919
00000639,0.48333,0.04897
00000640,0.43249,0.03450
00000641,0.37652,0.02562
00000642,0.24313,0.02237
00000643,0.45499,0.02487
00000644,0.41029,0.02396
00000645,0.97989,0.10171
00000646,1.78878,0.20757
00000647,0.63458,0.03237
00000648,0.45382,0.03217
00000649,0.72578,0.04279
00000650,0.49119,0.03540
00000651,0.27470,0.02166
00000652,0.36070,0.03082
00000653,1.02137,0.08383
00000654,0.58972,0.03765
00000655,0.70792,0.05625
00000656,1.04042,0.09221
00000657,0.30132,0.02195
00000658,0.56471,0.04132
00000659,0.47974,0.05413
00000660,0.27181,0.02278
00000661,0.43827,0.02535
00000662,0.66958,0.05768
00000663,1.12040,0.08760
00000664,0.26434,0.02068
00000665,0.55658,0.03167
00000666,0.88284,0.07640
00000667,0.71089,0.04837
00000668,0.93038,0.06658
00000669,1.21676,0.10430
00000670,0.49592,0.03787
00000671,0.47504,0.02564
00000672,0.46169,0.02784
00000673,0.66460,0.04875
00000674,0.93686,0.08768
00000675,0.78578,0.15428
00000676,0.86014,0.05459
00000677,0.28065,0.02666
00000678,0.81614,0.04604
00000679,0.17000,0.01907
00000680,0.23349,0.02177
00000681,0.53231,0.03238
00000682,0.23836,0.02923
00000683,0.52966,0.04320
00000684,0.47940,0.02807
00000685,1.31762,0.13586
00000686,2.72694,0.37111
00000687,1.03850,0.13690
00000688,0.44165,0.03074
00000689,0.98887,0.07999
00000690,0.57795,0.03618
00000691,1.56083,0.12528
00000692,0.42970,0.02532
00000693,0.26004,0.03017
00000694,0.77098,0.05039
00000695,0.35719,0.03328
00000696,0.81261,0.06492
00000697,0.47787,0.02617
00000698,1.25308,0.13358
00000699,1.05492,0.07400
00000700,0.49736,0.03451
00000701,0.69084,0.03876
00000702,1.40325,0.14468
00000703,0.76322,0.05871
00000704,0.54603,0.03113
00000705,1.60698,0.13105
00000706,0.39893,0.02713
00000707,0.43607,0.02710
00000708,0.64063,0.04818
00000709,0.64660,0.03607
00000710,1.83700,0.18918
00000711,0.84850,0.05551
00000712,0.40147,0.02447
00000713,0.37776,0.02694
00000714,1.54446,0.11967
00000715,0.31304,0.03201
00000716,0.24454,0.02947
00000717,0.24575,0.02542
00000718,0.26696,0.02444
00000719,0.57086,0.03406
00000720,0.69819,0.06178
00000721,3.11861,0.32272
00000722,1.84363,0.37831
00000723,0.93876,0.05673
00000724,0.59548,0.05032
00000725,2.20791,0.22093
00000726,0.29222,0.02517
00000727,0.62196,0.04520
00000728,0.96018,0.08429
00000729,0.32828,0.02276
00000730,1.43992,0.11172
00000731,1.02147,0.08854
00000732,0.23831,0.01981
00000733,0.50643,0.03126
00000734,1.05020,0.10415
00000735,1.18420,0.11201
00000736,0.39051,0.02299
00000737,0.59328,0.04303
00000738,0.63112,0.04071
00000739,0.85907,0.05965
00000740,0.63820,0.04421
00000741,0.41205,0.03477
00000742,0.92822,0.07180
00000743,0.25845,0.03081
00000744,1.80810,0.19548
00000745,0.50234,0.03990
00000746,0.95942,0.07306
00000747,0.51475,0.03661
00000748,0.67300,0.04643
00000749,0.87286,0.05715
00000750,1.97750,0.37506
00000751,1.01106,0.07186
00000752,0.83110,0.05608
00000753,0.41234,0.02739
00000754,1.00967,0.07601
00000755,0.53846,0.03865
00000756,0.78120,0.06202
00000757,0.54191,0.03054
00000758,0.54773,0.03573
00000759,0.57349,0.03609
00000760,0.73780,0.05232
00000761,2.49505,0.28683
00000762,0.19843,0.02500
00000763,0.92082,0.06385
00000764,0.19416,0.02056
00000765,0.62910,0.07844
00000766,1.45078,0.12941
00000767,1.09398,0.08513
00000768,0.60685,0.03824
00000769,0.67298,0.03528
00000770,0.49803,0.05108
00000772,0.74650,0.04815
00000773,0.89611,0.06736
00000774,1.34072,0.09391
00000775,0.72699,0.06223
00000776,0.59525,0.04160
00000777,0.72343,0.05085
00000778,1.93337,0.16853
00000779,1.42679,0.10372
00000780,1.12113,0.08584
00000781,0.48066,0.02616
00000782,0.53514,0.03880
00000783,0.50373,0.03112
00000784,1.04839,0.06722
00000785,0.36578,0.02535
00000786,0.70424,0.04223
00000787,0.88884,0.05376
00000788,1.16384,0.09216
00000789,0.55399,0.04170
00000790,0.59836,0.03877
00000791,1.31109,0.12212
00000792,1.42777,0.11728
00000793,2.08709,0.24343
00000794,0.32096,0.02363
00000795,1.07841,0.07643
00000796,0.67471,0.04253
00000797,0.25098,0.02153
00000798,0.56576,0.04156
00000799,0.23280,0.04184
00000800,1.35200,0.12048
00000801,0.74274,0.05637
00000802,1.28668,0.12624
00000803,0.43234,0.02475
00000804,0.41300,0.02647
00000805,1.70976,0.17628
00000806,0.43510,0.02706
00000807,0.40108,0.02339
00000808,0.80127,0.05101
00000809,0.58427,0.03145
00000810,0.71288,0.03741
00000811,0.21399,0.02527
00000812,0.86861,0.06780
00000813,0.39585,0.02595
00000814,1.51667,0.14641
00000815,1.02721,0.09162
00000816,0.58499,0.03852
00000817,0.91997,0.08138
00000818,1.03720,0.07198
00000819,0.76673,0.06292
00000820,0.35360,0.02753
00000821,1.58082,0.12474
00000822,0.63042,0.03489
00000823,0.73796,0.05572
00000824,0.51201,0.03338
00000825,0.72573,0.04568
00000826,1.29760,0.17149
00000827,0.86534,0.06352
00000828,1.07769,0.09293
00000829,0.76980,0.05376
00000830,1.29494,0.09135
00000831,0.43402,0.03189
00000832,2.43121,0.26448
00000833,0.27003,0.04091
00000834,0.41442,0.03725
00000835,0.67235,0.03749
00000836,0.79425,0.05440
00000837,0.41379,0.02392
00000838,0.77212,0.04848
00000839,0.34854,0.03392
00000840,2.09954,0.22530
00000841,1.06829,0.09454
00000842,1.15329,0.10375
00000843,0.28549,0.02418
00000844,0.70389,0.04844
00000845,1.22523,0.08785
00000846,1.72746,0.15897
00000847,0.58849,0.03707
00000848,0.50294,0.03796
00000849,0.52558,0.04343
00000850,0.56521,0.02944
00000851,0.67075,0.04718
00000852,0.71268,0.04334
00000853,0.60429,0.03621
00000854,1.13809,0.07699
00000855,0.34299,0.03383
00000856,0.34703,0.02144
00000857,0.47717,0.02894
00000858,0.22368,0.02413
00000859,0.74233,0.05099
00000860,0.38732,0.02509
00000861,1.10538,0.08058
00000862,0.32739,0.03977
00000863,0.41859,0.02706
00000864,0.22678,0.02484
00000865,0.73614,0.06091
00000866,0.39296,0.03231
00000867,0.57265,0.03979
00000868,1.24838,0.10086
00000869,0.78928,0.05018
00000870,0.39954,0.03296
00000871,0.83936,0.05591
00000872,0.45768,0.03412
00000873,0.93224,0.06578
00000874,0.47154,0.03176
00000875,2.32190,0.26846
00000876,0.66348,0.05933
00000877,0.65603,0.04331
00000878,2.54003,0.30867
00000879,0.65243,0.04570
00000880,0.57890,0.03599
00000881,0.39063,0.03059
00000882,0.54354,0.03258
00000883,0.87607,0.09971
00000884,0.44401,0.02953
00000885,1.11669,0.08364
00000886,0.27570,0.02551
00000887,0.39189,0.02666
00000888,0.81174,0.05394
00000889,0.21986,0.02135
00000890,0.61212,0.04499
00000891,0.45169,0.02762
00000892,1.12588,0.12704
00000893,0.50977,0.04475
00000894,0.22234,0.02278
00000895,0.86659,0.06843
00000896,0.28688,0.02935
00000897,0.49293,0.03268
00000898,0.61246,0.03686
00000899,1.48953,0.11997
00000900,2.63972,0.34295
00000901,0.35526,0.05081
00000902,0.37503,0.02273
00000903,0.75556,0.05421
00000904,1.05775,0.08919
00000905,0.23957,0.02232
00000906,1.35135,0.15714
00000907,1.23459,0.09624
00000908,0.97460,0.11970
00000909,0.30923,0.02992
00000910,0.55796,0.03700
00000911,0.28738,0.02512
00000912,0.72116,0.07637
00000913,1.49406,0.11799
00000914,0.55482,0.02951
00000915,0.87506,0.11302
00000916,1.41062,0.19817
00000917,1.33044,0.09844
00000918,0.30568,0.02857
00000919,0.57000,0.03649
00000920,0.89182,0.07428
00000921,0.63766,0.03552
00000922,0.72121,0.06375
00000923,0.56397,0.03711
00000924,0.43611,0.03887
00000925,0.60731,0.03402
00000926,0.89083,0.07725
00000927,0.47703,0.03042
00000928,1.66332,0.14437
00000929,1.83937,0.15273
00000930,0.66201,0.03825
00000931,0.40199,0.02397
00000932,0.36145,0.02806
00000933,1.33466,0.14894
00000934,0.28957,0.02439
00000935,0.40829,0.02998
00000936,0.61555,0.04191
00000937,1.09622,0.07107
00000938,0.50223,0.03234
00000939,0.44876,0.03100
00000940,0.23512,0.08142
00000941,0.80388,0.05553
00000942,0.48325,0.02915
00000943,0.46543,0.03071
00000944,0.59712,0.03809
00000945,1.08221,0.11450
00000946,0.48084,0.02707
00000947,0.81898,0.04753
00000948,0.46165,0.02807
00000949,0.27082,0.02883
00000950,1.71461,0.15072
00000951,0.59993,0.04780
00000952,0.72952,0.06061
00000953,0.89016,0.07273
00000954,0.24873,0.01933
00000955,1.00896,0.08231
00000956,0.31146,0.02038
00000957,1.15049,0.07502
00000958,0.73018,0.05006
00000959,0.42688,0.04562
00000960,2.32708,0.24774
00000961,1.26103,0.11146
00000962,0.52319,0.04214
00000963,1.06768,0.07936
00000964,0.75292,0.05978
00000965,0.82513,0.05244
00000966,0.88680,0.07130
00000967,0.36936,0.02464
00000968,0.86151,0.05276
00000969,0.41427,0.02975
00000970,0.97323,0.07455
00000971,0.51273,0.03141
00000972,0.66493,0.04117
00000973,0.62863,0.04637
00000974,0.42933,0.02857
00000975,0.56556,0.03365
00000976,0.52754,0.03422
00000977,0.61971,0.05209
00000978,0.67843,0.04265
00000979,0.58507,0.03400
00000980,0.59769,0.03051
00000981,0.24066,0.02416
00000982,0.67865,0.04209
00000983,0.28588,0.02420
00000984,2.09520,0.24206
00000985,0.48384,0.03096
00000986,0.39536,0.02524
00000987,0.50144,0.03599
00000988,0.63296,0.04286
00000989,0.91767,0.05912
00000990,0.85305,0.05533
00000991,0.64092,0.03703
00000992,0.66490,0.04585
00000993,0.53451,0.03228
00000994,0.52981,0.03476
00000995,0.48884,0.03114
00000996,0.33012,0.02564
00000997,1.32333,0.09575
00000998,0.74629,0.04785
00000999,0.85884,0.06462
00001000,0.54828,0.03031
00001001,0.27940,0.02225
00001002,0.47770,0.03045
00001003,1.43415,0.17714
00001004,0.67408,0.05233
00001005,0.95119,0.11267
00001006,0.35797,0.02799
00001007,1.19513,0.14238
00001008,0.56535,0.03633
00001009,0.37982,0.02548
00001010,0.51089,0.03842
00001011,0.48849,0.02770
00001012,0.54125,0.02771
00001013,0.38873,0.02612
00001014,0.57044,0.03412
00001015,0.36222,0.02361
00001016,1.77140,0.21864
00001017,0.46733,0.03018
00001018,0.32021,0.02774
00001019,0.54056,0.03864
00001020,0.83419,0.05021
00001021,0.57003,0.03591
00001022,0.49760,0.02754
00001023,0.97974,0.08870
00001024,0.62636,0.03716
00001025,2.73595,0.29403
00001026,0.44605,0.02625
00001027,0.30465,0.02262
00001028,0.90582,0.07498
00001029,0.57929,0.03480
00001030,1.11948,0.09864
00001031,2.16840,0.26264
00001032,0.39049,0.02560
00001033,0.46937,0.02867
00001034,0.51126,0.03131
00001035,0.49572,0.02897
00001036,0.87132,0.18056
00001037,0.42471,0.03806
00001038,1.37135,0.12277
00001039,0.54559,0.03542
00001040,0.84674,0.06473
00001041,0.25804,0.02504
00001042,0.39187,0.03397
00001043,0.33018,0.02836
00001044,0.93707,0.08944
00001045,0.30107,0.02436
00001046,1.53478,0.15656
00001047,0.48869,0.02457
00001048,0.28406,0.03104
00001049,1.45612,0.11697
00001050,0.92026,0.06392
00001051,0.42871,0.03264
00001052,0.29245,0.02393
00001053,0.35800,0.03724
00001054,0.53315,0.03387
00001055,0.63392,0.04821
00001056,0.61126,0.04330
00001057,1.20065,0.09772
00001058,0.40019,0.02452
00001059,0.76023,0.04883
00001060,0.55880,0.05575
00001061,0.71582,0.06216
00001062,0.59335,0.05808
00001063,0.53906,0.04191
00001064,0.36152,0.02740
00001065,0.89513,0.05417
00001066,0.53286,0.03623
00001067,1.84190,0.17574
00001068,0.34790,0.03501
00001069,1.20406,0.09502
00001070,0.27763,0.02169
00001071,0.42420,0.03140
00001072,1.09757,0.08754
00001073,0.61517,0.03733
00001074,1.91126,0.17857
00001075,0.74325,0.04401
00001076,0.32108,0.02583
00001077,0.86743,0.07770
00001078,0.57922,0.03278
00001079,0.24846,0.02118
00001080,0.38954,0.02525
00001081,0.87213,0.07943
00001082,0.57314,0.03742
00001083,0.58722,0.03857
00001084,0.50178,0.05237
00001085,0.27303,0.03017
00001086,1.78429,0.21132
00001087,0.48753,0.03456
00001088,0.34001,0.03846
00001089,0.61593,0.04588
00001090,0.60003,0.04011
00001091,0.81789,0.05959
00001092,0.70214,0.03738
00001093,2.20233,0.65423
00001094,0.88848,0.05484
00001095,2.28831,0.25614
00001096,0.49091,0.02922
00001097,0.31579,0.02716
00001098,0.55048,0.03355
00001099,0.74749,0.06203
00001100,1.53458,0.11463
00001101,0.53528,0.03569
00001102,0.60850,0.03537
00001103,0.99653,0.09255
00001104,0.98611,0.08290
00001105,0.49740,0.03364
00001106,0.54169,0.03555
00001107,0.56364,0.03513
00001108,2.81950,0.29651
00001109,0.52259,0.04207
00001110,0.35284,0.03003
00001111,0.29396,0.02926
00001112,0.32800,0.02791
00001113,2.18105,0.25798
00001114,0.88580,0.07125
00001115,0.47855,0.03006
00001116,0.53634,0.03048
00001117,0.77248,0.04914
00001118,0.61020,0.04719
00001119,0.41959,0.04874
00001120,0.54350,0.03609
00001121,0.51896,0.03011
00001122,0.94976,0.06876
00001123,0.52884,0.03422
00001124,0.35645,0.03121
00001125,0.24194,0.02492
00001126,0.35760,0.02747
00001127,1.61519,0.14249
00001128,0.52957,0.03565
00001129,0.57619,0.05297
00001131,0.56334,0.03319
00001132,0.48305,0.03288
00001133,0.63008,0.03564
00001134,0.22788,0.02799
00001135,0.79273,0.05789
00001136,1.83576,0.15279
00001137,0.34004,0.02187
00001138,1.49258,0.13685
00001139,2.28429,0.25982
00001140,2.40110,0.24331
00001141,0.25730,0.02564
00001142,1.91455,0.17740
00001143,0.76135,0.04741
00001144,0.34455,0.02843
00001145,0.69652,0.04163
00001146,1.47873,0.12363
00001147,0.65674,0.04008
00001148,1.83241,0.15491
00001149,0.99211,0.07674
00001150,0.81519,0.06579
00001151,0.68733,0.04078
00001152,1.34094,0.12470
00001153,0.52809,0.02894
00001154,1.53657,0.27680
00001155,0.36398,0.02452
00001156,0.47857,0.03033
00001157,0.52451,0.03706
00001158,2.16602,0.20559
00001159,0.25724,0.02360
00001160,0.64379,0.03546
00001161,1.06018,0.07558
00001162,0.59061,0.03654
00001163,1.09223,0.07558
00001164,0.41486,0.03134
00001165,0.47331,0.02874
00001166,0.65487,0.04517
00001167,0.42570,0.04148
00001168,0.74711,0.04676
00001169,0.80342,0.05016
00001170,1.44875,0.10711
00001171,0.67513,0.04919
00001172,0.49670,0.03529
00001173,0.91774,0.06488
00001174,0.64223,0.04267
00001175,0.51616,0.03117
00001176,0.30198,0.02174
00001177,0.31107,0.02837
00001178,0.69349,0.04890
00001179,0.79559,0.04771
00001180,0.47198,0.02720
00001181,1.29327,0.10066
00001182,1.35667,0.10970
00001183,0.31299,0.02649
00001184,0.41878,0.02703
00001185,1.95950,0.21280
00001186,0.45199,0.03040
00001187,1.12659,0.08647
00001188,0.21076,0.02536
00001189,0.45833,0.03479
00001190,0.76421,0.05518
00001191,0.77607,0.14966
00001192,0.80683,0.05189
00001193,1.52388,0.15852
00001194,0.73026,0.08138
00001195,0.64031,0.03562
00001196,1.83413,0.20271
00001197,1.31245,0.10461
00001198,0.34923,0.02893
00001199,0.80116,0.04894
00001200,0.48660,0.02900
00001201,0.55678,0.05364
00001202,0.40050,0.02566
00001203,0.37448,0.03509
00001204,0.73706,0.04049
00001205,0.87400,0.08155
00001206,0.72562,0.04623
00001207,1.90154,0.16623
00001208,0.22055,0.04478
00001209,0.64426,0.04169
00001210,0.75595,0.04489
00001211,1.07527,0.09013
00001212,0.59143,0.04001
00001213,0.33998,0.03250
00001214,0.28928,0.02925
00001215,1.07909,0.08006
00001216,0.33475,0.02507
00001217,0.78730,0.04760
00001218,0.42126,0.02529
00001219,0.47018,0.02795
00001220,0.47188,0.02729
00001221,0.44847,0.02856
00001222,0.64577,0.03314
00001223,0.27013,0.02289
00001224,0.74602,0.03743
00001225,1.01365,0.07042
00001226,2.30572,0.29175
00001227,1.37139,0.39283
00001228,0.69846,0.04051
00001229,0.47631,0.02467
00001230,0.60201,0.04935
00001231,0.61207,0.03351
00001232,0.63494,0.04330
00001233,0.38735,0.02621
00001234,0.23031,0.02811
00001235,1.06117,0.12618
00001236,0.58522,0.04203
00001237,0.50149,0.02752
00001238,0.60001,0.06325
00001239,0.44160,0.03636
00001240,2.24299,0.23346
00001241,1.19026,0.09869
00001242,0.40602,0.02935
00001243,0.42848,0.03859
00001244,0.28366,0.01987
00001245,0.87647,0.07220
00001246,0.47008,0.02711
00001247,0.92421,0.07199
00001248,0.76861,0.06597
00001249,2.67888,0.34778
00001250,0.41957,0.02825
00001251,0.55244,0.04243
00001252,0.67121,0.06939
00001253,1.14276,0.09321
00001254,0.41434,0.02954
00001255,0.27083,0.02511
00001256,1.11763,0.09842
00001257,0.96333,0.06610
00001258,0.39601,0.02730
00001259,2.40328,0.26971
00001260,0.42006,0.02990
00001261,0.71263,0.04593
00001262,2.30890,0.29118
00001263,0.38505,0.02330
00001264,0.19610,0.02262
00001265,2.67707,0.26305
00001266,0.49821,0.02715
00001267,0.47110,0.02644
00001268,1.08261,0.08323
00001269,0.55692,0.03115
00001270,0.56608,0.05383
00001271,1.04166,0.10129
00001272,0.38956,0.02641
00001273,1.42833,0.16087
00001274,0.33601,0.02438
00001275,0.96990,0.12824
00001276,0.68563,0.03723
00001277,0.71743,0.04661
00001278,0.18530,0.02031
00001279,0.50986,0.02870
00001280,0.51664,0.03943
00001281,0.43258,0.02504
00001282,0.98901,0.06656
00001283,0.36499,0.02855
00001284,0.27983,0.02099
00001285,0.57717,0.04450
00001286,0.47867,0.05196
00001287,0.24786,0.03472
00001288,1.66377,0.13836
00001289,0.74928,0.04841
00001290,0.38059,0.03210
00001291,0.91303,0.12379
00001292,0.64474,0.04569
00001293,0.97691,0.06306
00001294,0.49299,0.03065
00001295,0.20656,0.03076
00001296,0.26823,0.02476
00001297,0.34998,0.03793
00001298,0.50587,0.02793
00001299,0.56755,0.03850
00001300,2.56934,0.29834
00001301,0.87250,0.05481
00001302,0.47964,0.03283
00001303,0.46543,0.02605
00001304,0.69715,0.04442
00001305,2.82342,0.40335
00001306,0.86666,0.14168
00001307,0.40562,0.03591
00001308,0.42808,0.03352
00001309,0.89707,0.05854
00001310,0.69564,0.04430
00001311,0.76499,0.05487
00001312,0.70242,0.04203
00001313,0.67230,0.04275
00001314,0.64952,0.03751
00001315,0.40714,0.02273
00001316,0.64513,0.04363
00001317,0.22012,0.04040
00001318,0.84492,0.08761
00001319,1.04146,0.14454
00001320,0.46048,0.02670
00001321,0.61343,0.04494
00001322,0.50122,0.03501
00001323,0.54250,0.03201
00001324,1.27751,0.12651
00001325,1.06479,0.10364
00001326,0.35421,0.02179
00001327,1.73647,0.15633
00001328,1.10192,0.07909
00001329,0.73211,0.07214
00001330,0.41263,0.02808
00001331,0.28122,0.02202
00001332,0.55468,0.03276
00001333,1.29750,0.11345
00001334,0.53091,0.03069
00001335,0.46199,0.03373
00001336,0.45860,0.03753
00001337,0.57245,0.04043
00001338,0.53593,0.03057
00001339,0.48943,0.02967
00001340,0.77013,0.09332
00001341,0.26846,0.02413
00001342,0.20218,0.02094
00001343,1.01571,0.09882
00001344,0.48157,0.02947
00001345,1.49150,0.20326
00001346,0.94748,0.05954
00001347,0.56790,0.03501
00001348,0.79161,0.05787
00001349,0.65025,0.03579
00001350,1.43170,0.14888
00001351,2.14920,0.24225
00001352,0.51092,0.03073
00001353,0.87106,0.06374
00001354,0.57377,0.03604
00001355,0.38998,0.02868
00001356,0.68210,0.04483
00001357,0.65762,0.03898
00001358,1.28859,0.09720
00001359,1.20384,0.09271
00001360,0.39881,0.03075
00001361,0.45713,0.02806
00001362,0.59149,0.04214
00001363,0.40245,0.02729
00001364,1.06999,0.08652
00001365,0.75286,0.06922
00001366,0.55004,0.03735
00001367,0.53296,0.02986
00001368,0.58607,0.05058
00001369,0.44382,0.02342
00001370,0.95284,0.07031
00001371,0.65049,0.03672
00001372,0.26688,0.02336
00001373,1.24758,0.09499
00001374,0.56645,0.03235
00001375,0.48951,0.02595
00001376,2.18069,0.24320
00001377,1.05008,0.07297
00001378,0.31628,0.03006
00001379,0.23317,0.02936
00001380,0.45487,0.02715
00001381,0.32242,0.02268
00001382,0.56722,0.03528
00001383,1.63653,0.14490
00001384,0.45301,0.04025
00001385,0.26934,0.05099
00001386,0.63106,0.04498
00001387,0.66934,0.05787
00001388,0.76660,0.05505
00001389,0.61040,0.03421
00001390,1.78355,0.14342
00001391,1.02547,0.07284
00001392,0.81037,0.06349
00001393,1.38759,0.10407
00001394,1.74905,0.14296
00001395,1.48499,0.14817
00001396,0.50403,0.02685
00001397,0.50915,0.02825
00001398,0.45737,0.03019
00001399,0.87356,0.06392
00001400,0.41411,0.03358
00001401,0.92422,0.09013
00001402,1.36703,0.10813
00001403,0.58419,0.04054
00001404,0.54217,0.03593
00001405,0.56686,0.03267
00001406,0.36406,0.02474
00001407,2.16141,0.22617
00001408,0.48876,0.04676
00001409,1.28107,0.13744
00001410,0.61328,0.03708
00001411,0.54513,0.03636
00001412,0.50610,0.03114
00001413,0.69101,0.03749
00001414,0.28478,0.02648
00001415,1.57355,0.17567
00001416,0.67361,0.04826
00001417,0.47674,0.03418
00001418,0.94080,0.07050
00001419,0.18961,0.02102
00001420,0.72286,0.04632
00001421,0.79416,0.04922
00001422,0.62530,0.05766
00001423,0.81352,0.06014
00001424,0.59502,0.04359
00001425,0.80762,0.10721
00001426,1.23533,0.09951
00001427,0.75497,0.04477
00001428,0.89264,0.05420
00001429,0.24877,0.02134
00001430,0.38280,0.04146
00001431,1.26069,0.12800
00001432,1.02035,0.06876
00001433,0.53402,0.03792
00001434,0.42549,0.02440
00001435,0.36950,0.02558
00001436,0.99903,0.09668
00001437,0.69739,0.04459
00001438,0.38997,0.02819
00001439,0.43349,0.02845
00001440,1.55286,0.13021
00001441,2.04289,0.17496
00001442,0.36446,0.04746
00001443,0.56289,0.03525
00001444,0.78121,0.04980
00001445,0.62977,0.04109
00001446,0.65603,0.08029
00001447,1.18319,0.08563
00001448,0.51654,0.02638
00001449,0.61357,0.03596
00001450,0.36521,0.03141
00001451,0.75376,0.07373
00001452,0.86296,0.07019
00001453,0.98391,0.08520
00001454,0.28243,0.02212
00001455,1.69374,0.14576
00001456,0.46639,0.02648
00001457,1.10874,0.08414
00001458,0.74572,0.04534
00001459,0.47301,0.02861
00001460,0.49331,0.03366
00001461,0.90892,0.06495
00001462,0.43798,0.02352
00001463,0.58159,0.03672
00001464,0.42985,0.02628
00001465,0.32088,0.02515
00001466,0.58209,0.03459
00001467,1.02387,0.07629
00001468,0.42631,0.02868
00001469,0.64205,0.03747
00001470,0.70083,0.05459
00001471,0.50907,0.03319
00001472,0.52856,0.04330
00001473,0.35948,0.02811
00001474,1.03733,0.07587
00001475,0.67105,0.03658
00001476,0.89863,0.05882
00001477,1.65203,0.14354
00001478,0.72405,0.05379
00001479,0.72800,0.05533
00001480,0.32539,0.02357
00001481,1.03812,0.13448
00001482,0.42162,0.03097
00001483,0.63367,0.03542
00001484,0.34728,0.02588
00001485,0.38201,0.02818
00001486,1.15505,0.08514
00001487,0.67580,0.03902
00001488,0.57115,0.03263
00001489,0.33277,0.02996
00001490,1.15277,0.09673
00001491,0.44888,0.03066
00001492,0.82718,0.05983
00001493,1.60025,0.15007
00001494,2.03055,0.21051
00001495,1.43633,0.17293
00001496,0.80496,0.05983
00001497,1.51262,0.12408
00001499,0.41757,0.03738
00001500,0.71880,0.05995
00001501,1.08355,0.08918
00001502,1.02888,0.07610
00001503,0.64328,0.04254
00001504,0.45438,0.03361
00001505,0.53774,0.02997
00001506,0.80976,0.04706
00001507,0.88280,0.08295
00001508,0.39948,0.02351
00001509,0.91942,0.06964
00001510,0.76366,0.04367
00001511,0.57315,0.03089
00001512,1.30379,0.10919
00001513,1.41416,0.14555
00001514,0.62066,0.03671
00001515,0.29252,0.03460
00001516,0.88775,0.07377
00001517,1.53816,0.17612
00001518,0.31100,0.02466
00001519,0.81503,0.05390
00001520,0.26085,0.03040
00001521,3.09690,0.39075
00001522,0.38179,0.03038
00001523,2.03791,0.18475
00001524,0.43253,0.02817
00001525,0.66202,0.05066
00001526,0.44540,0.04029
00001527,0.20913,0.02498
00001528,0.45091,0.03194
00001529,0.21686,0.03065
00001530,0.63093,0.04054
00001531,0.32134,0.03261
00001532,2.37541,0.24459
00001533,1.19852,0.10273
00001534,0.90213,0.07244
00001535,1.27807,0.10014
00001536,1.77556,0.17464
00001537,1.54796,0.12926
00001538,0.58896,0.03673
00001539,0.72274,0.04609
00001540,0.43854,0.03018
00001541,1.05215,0.07805
00001542,0.25116,0.02310
00001543,0.24754,0.02152
00001544,0.43790,0.03104
00001545,0.69356,0.04539
00001546,0.71319,0.04316
00001547,0.45227,0.02466
00001548,0.59533,0.05453
00001549,1.32659,0.19020
00001550,0.20238,0.02029
00001551,1.39244,0.11600
00001552,0.35093,0.02708
00001553,0.89830,0.06150
00001554,0.31114,0.02667
00001555,0.75950,0.04507
00001556,1.46765,0.13609
00001557,0.51222,0.03657
00001558,0.47727,0.02858
00001559,0.81920,0.05306
00001560,0.34966,0.02452
00001561,0.26254,0.02481
00001562,0.94947,0.06948
00001563,1.13662,0.07921
00001564,1.53418,0.16193
00001565,0.43831,0.02473
00001566,1.13515,0.10577
00001567,0.24550,0.02791
00001568,1.27230,0.09589
00001569,0.80161,0.05243
00001570,1.24568,0.08602
00001571,0.59996,0.04127
00001572,0.90973,0.06898
00001573,0.90906,0.08826
00001574,0.33227,0.02028
00001575,0.60847,0.04736
00001576,0.92391,0.08156
00001577,0.67862,0.03554
00001578,0.36454,0.02481
00001579,0.79769,0.05233
00001580,0.68670,0.05221
00001581,0.86565,0.06028
00001582,0.21812,0.02500
00001583,1.26645,0.10015
00001584,1.29035,0.10059
00001585,0.31167,0.02837
00001586,0.37961,0.03338
00001587,0.32928,0.02210
00001588,1.16211,0.08607
00001589,1.71689,0.15349
00001590,0.40731,0.02628
00001591,0.66502,0.05126
00001592,0.47459,0.03417
00001593,0.87780,0.08447
00001594,0.40091,0.04112
00001595,0.30304,0.02248
00001596,1.13534,0.07385
00001597,0.69443,0.04774
00001598,0.71045,0.04083
00001599,0.60787,0.03609
00001600,0.65714,0.03937
00001601,1.17851,0.07995
00001602,0.41338,0.03545
00001603,0.81108,0.06588
00001604,0.44333,0.02881
00001605,1.01561,0.07453
00001606,1.34486,0.10656
00001607,0.47645,0.03504
00001608,0.56009,0.03359
00001609,1.48759,0.20836
00001610,0.47613,0.02577
00001611,0.58449,0.04298
00001612,0.29272,0.02343
00001613,1.11686,0.08479
00001614,0.70731,0.05831
00001615,1.38946,0.12746
00001616,0.85868,0.05884
00001617,0.50899,0.03131
00001618,1.26046,0.09460
00001619,0.28248,0.02434
00001620,0.26428,0.02657
00001621,2.63619,0.31414
00001622,0.89399,0.05475
00001623,0.65665,0.04903
00001624,0.61097,0.04362
00001625,0.46113,0.03591
00001626,1.99305,0.23417
00001627,0.91707,0.06351
00001628,1.05340,0.07011
00001629,0.97741,0.08590
00001630,0.81597,0.05765
00001631,0.36130,0.03095
00001632,1.59283,0.18862
00001633,0.54613,0.02985
00001634,0.59114,0.03738
00001635,0.52603,0.04301
00001636,0.39677,0.04757
00001637,1.23232,0.09247
00001638,0.53046,0.03779
00001639,1.73193,0.16096
00001640,0.25074,0.02161
00001641,1.32596,0.12399
00001642,0.20454,0.02362
00001643,0.48443,0.02958
00001644,0.43199,0.03054
00001645,1.61017,0.13181
00001646,0.36831,0.02719
00001647,0.54230,0.03758
00001648,0.44031,0.02509
00001649,0.31285,0.04034
00001650,0.64673,0.05880
00001651,0.25818,0.03483
00001652,0.24163,0.02305
00001653,0.49159,0.02795
00001654,0.32017,0.02216
00001655,2.93474,0.36429
00001656,0.51423,0.02698
00001657,0.69306,0.05218
00001658,0.48345,0.02538
00001659,0.50828,0.03064
00001660,1.03666,0.12438
00001661,0.43554,0.03154
00001662,0.35826,0.02549
00001663,0.20858,0.05091
00001664,0.71113,0.05720
00001665,0.30576,0.02643
00001666,1.72111,0.14881
00001667,0.61028,0.07462
00001668,0.69349,0.04335
00001669,0.48736,0.03463
00001670,1.19527,0.13327
00001671,0.35580,0.02284
00001672,0.34883,0.02539
00001673,0.44311,0.02733
00001674,0.39460,0.02930
00001675,1.20983,0.09870
00001676,0.55017,0.04576
00001677,0.89565,0.06688
00001678,1.25900,0.10956
00001679,0.71304,0.04423
00001680,0.29098,0.03210
00001681,1.22142,0.16140
00001682,0.41218,0.02960
00001683,0.35978,0.02517
00001684,0.34512,0.02420
00001685,2.40533,0.23190
00001686,0.35667,0.11177
00001687,1.12999,0.07895
00001688,1.16931,0.12303
00001689,0.37857,0.02555
00001690,0.28434,0.03275
00001691,0.50847,0.03205
00001692,0.62298,0.04965
00001693,0.84532,0.04915
00001694,0.38162,0.02923
00001695,1.62636,0.14136
00001696,1.25330,0.11278
00001697,1.63818,0.13128
00001698,0.70241,0.04479
00001699,1.29396,0.11782
00001700,0.80427,0.05643
00001701,0.44057,0.02862
00001702,0.33558,0.02466
00001703,1.15575,0.10315
00001704,0.68534,0.06033
00001705,1.24432,0.11084
00001706,1.01060,0.10792
00001707,0.37731,0.02460
00001708,1.07365,0.07632
00001709,0.20520,0.02244
00001710,0.39499,0.03331
00001711,0.27688,0.02115
00001712,1.02546,0.07063
00001713,0.26319,0.02266
00001714,0.70157,0.04404
00001715,0.27385,0.02477
00001716,0.79272,0.05230
00001717,0.61691,0.04026
00001718,0.41633,0.05536
00001719,0.24187,0.02184
00001720,0.58707,0.03130
00001721,0.62043,0.03911
00001722,0.47239,0.02956
00001723,0.34533,0.07425
00001724,0.39524,0.03494
00001725,0.47375,0.02448
00001726,0.94656,0.09797
00001727,0.53896,0.03749
00001728,0.76044,0.05611
00001729,0.88211,0.05590
00001730,0.49541,0.02584
00001731,0.33028,0.02723
00001732,0.74735,0.05032
00001733,0.94863,0.08779
00001734,0.25321,0.02370
00001735,0.78789,0.04722
00001736,0.63490,0.04859
00001737,0.34652,0.03134
00001738,0.51222,0.04743
00001739,0.52439,0.03157
00001740,0.35915,0.03377
00001741,1.20134,0.08520
00001742,0.67053,0.07973
00001743,0.44282,0.04148
00001744,0.48191,0.04353
00001745,0.95937,0.11903
00001746,0.86686,0.07198
00001747,0.66172,0.04339
00001748,0.43246,0.03256
00001749,0.58035,0.03872
00001750,0.55465,0.03545
00001751,0.77412,0.06708
00001752,0.60021,0.03707
00001753,0.47420,0.03073
00001754,0.46923,0.02644
00001755,0.82917,0.04748
00001756,1.24774,0.10036
00001757,0.82844,0.04615
00001758,1.19226,0.09799
00001759,1.33580,0.11323
00001760,0.37769,0.03454
00001761,0.37523,0.02927
00001762,0.63292,0.03562
00001763,2.43292,0.41122
00001764,0.43329,0.02960
00001765,0.37557,0.02440
00001766,0.69389,0.13234
00001767,0.71473,0.04852
00001768,0.34030,0.03083
00001769,2.22570,0.24467
00001770,0.19954,0.02015
00001771,1.15560,0.10159
00001772,0.85095,0.07142
00001773,2.02506,0.20848
00001774,0.62779,0.03546
00001775,3.11993,0.37347
00001776,0.77730,0.05132
00001777,0.28394,0.02391
00001778,0.59766,0.04129
00001779,0.81459,0.04615
00001780,0.60456,0.04542
00001781,0.35177,0.02679
00001782,0.41840,0.02662
00001783,1.85216,0.25310
00001784,0.80646,0.05062
00001785,0.59103,0.03623
00001786,0.50886,0.03953
00001787,0.97778,0.07265
00001788,0.52495,0.03876
00001789,0.65303,0.04095
00001790,1.46920,0.15596
00001791,1.27228,0.09210
00001792,0.59863,0.03580
00001793,0.60101,0.03957
00001794,1.65091,0.14476
00001795,0.87181,0.08946
00001796,0.96386,0.06685
00001797,1.28338,0.12352
00001798,0.68510,0.05506
00001799,0.35964,0.02758
00001800,0.80513,0.07685
00001801,0.53365,0.04952
00001802,1.18878,0.09543
00001803,0.22600,0.02221
00001804,1.06912,0.06946
00001805,0.59566,0.03596
00001806,0.88569,0.06921
00001807,0.62978,0.03491
00001808,0.71466,0.04493
00001809,0.80662,0.05368
00001810,0.55063,0.03721
00001811,1.27406,0.12170
00001812,1.30370,0.11482
00001813,0.83603,0.07525
00001814,0.41897,0.02848
00001815,0.49432,0.03293
00001816,0.46605,0.02403
00001817,0.82938,0.05433
00001818,0.78702,0.06171
00001819,0.18673,0.02046
00001820,0.20341,0.02111
00001821,0.39900,0.03407
00001822,0.41988,0.02458
00001823,2.55692,0.26525
00001824,0.51320,0.04183
00001825,2.23047,0.25185
00001826,0.36690,0.02768
00001827,1.01374,0.08378
00001828,1.41695,0.13095
00001829,0.80388,0.05530
00001830,0.85203,0.06116
00001831,0.76579,0.04051
00001832,0.18197,0.01974
00001833,0.44935,0.03400
00001834,1.00021,0.07158
00001835,0.80046,0.12777
00001836,0.57010,0.03939
00001837,1.52743,0.15276
00001838,0.19045,0.01851
00001839,0.47105,0.02697
00001840,0.45547,0.02710
00001841,0.86069,0.06517
00001842,0.95168,0.06595
00001843,0.34639,0.02831
00001844,0.50985,0.02924
00001845,0.60468,0.03588
00001846,1.44239,0.14625
00001847,0.65988,0.03844
00001848,0.67520,0.04385
00001849,0.96081,0.08245
00001850,0.47749,0.02756
00001851,0.49477,0.03733
00001852,0.44860,0.02475
00001853,0.43932,0.05511
00001854,1.54808,0.14120
00001855,0.62771,0.04479
00001856,2.31469,0.22090
00001857,0.30427,0.02685
00001858,0.77806,0.05148
00001859,0.96147,0.08060
00001860,1.75952,0.17526
00001861,0.23519,0.02305
00001862,0.37596,0.02499
00001863,0.41710,0.02559
00001864,0.42804,0.02381
00001865,0.92264,0.05569
00001866,0.28678,0.02715
00001867,1.18977,0.15572
00001868,0.44182,0.02641
00001869,0.18357,0.01843
00001870,1.51539,0.19320
00001871,1.14020,0.07437
00001872,0.43021,0.02704
00001873,1.86299,0.18218
00001874,0.40811,0.02547
00001875,0.42460,0.03146
00001876,0.56564,0.03438
00001877,0.73976,0.05544
00001878,0.74821,0.04797
00001879,0.47994,0.03391
00001880,0.99466,0.07877
00001881,0.23127,0.02339
00001882,0.81647,0.06865
00001883,0.84836,0.07192
00001884,1.12573,0.11572
00001885,0.51743,0.03252
00001886,0.77371,0.06271
00001887,1.27934,0.09039
00001888,0.76532,0.05915
00001889,0.54608,0.03041
00001890,0.38776,0.02908
00001891,0.30311,0.07629
00001892,0.71501,0.04215
00001893,0.30934,0.02441
00001894,1.52382,0.14231
00001895,1.28896,0.12290
00001896,1.60329,0.17508
00001897,0.39504,0.02799
00001898,1.73107,0.20472
00001899,0.49154,0.03703
00001900,2.86496,0.30666
00001901,0.73047,0.05596
00001902,2.10571,0.23335
00001903,0.54145,0.03067
00001904,0.21198,0.02328
00001905,0.55543,0.03974
00001906,0.32049,0.03166
00001907,0.90108,0.07369
00001908,0.55678,0.03165
00001909,0.68335,0.03931
00001910,0.99817,0.07756
00001911,1.65146,0.18220
00001912,1.21975,0.10782
00001913,0.77346,0.04788
00001914,0.45096,0.02628
00001915,0.28981,0.02595
00001916,0.36035,0.03113
00001917,0.61715,0.05416
00001918,0.42887,0.02741
00001919,1.68100,0.15239
00001920,1.41373,0.12594
00001921,0.32910,0.02311
00001922,0.52294,0.03712
00001923,0.97702,0.07335
00001924,0.34876,0.02777
00001925,0.20472,0.02107
00001926,0.58860,0.03307
00001927,0.45725,0.03048
00001928,0.95138,0.05805
00001929,1.64594,0.36395
00001930,0.99336,0.06937
00001931,0.54909,0.03656
00001932,0.77404,0.05208
00001933,0.55039,0.05057
00001934,1.21732,0.13462
00001935,0.62438,0.03803
00001936,0.42785,0.02910
00001937,0.29353,0.02354
00001938,0.22605,0.02147
00001939,0.80438,0.05407
00001940,0.75645,0.04864
00001941,0.34789,0.02277
00001942,0.82884,0.05975
00001943,0.38487,0.02530
00001944,0.61205,0.04429
00001945,1.49818,0.13439
00001946,0.42472,0.03500
00001947,0.80221,0.04682
00001948,0.73130,0.09972
00001949,0.31640,0.02221
00001950,0.39998,0.02507
00001951,1.62646,0.13744
00001952,0.58151,0.04395
00001953,0.37232,0.02493
00001954,0.64758,0.04496
00001955,0.60886,0.03804
00001956,0.49147,0.02675
00001957,0.54850,0.05218
00001958,0.61862,0.03297
00001959,0.49220,0.02856
00001960,0.41982,0.05815
00001961,0.98103,0.06632
00001962,0.70818,0.06145
00001963,0.82977,0.07025
00001964,1.18036,0.09143
00001965,0.63999,0.05291
00001966,0.44608,0.02712
00001967,0.38844,0.02795
00001968,0.81959,0.04656
00001969,0.56062,0.03137
00001970,0.28807,0.02088
00001971,0.57332,0.05046
00001972,0.51507,0.04373
00001973,2.43162,0.34951
00001974,0.74747,0.04623
00001975,0.33384,0.02366
00001976,0.55431,0.03473
00001977,1.00333,0.09403
00001978,1.14229,0.07826
00001979,0.62081,0.04267
00001980,1.49962,0.19140
00001981,0.91232,0.06506
00001982,0.77415,0.04145
00001983,0.60803,0.05250
00001984,0.50269,0.02739
00001985,0.98403,0.07600
00001986,0.35726,0.02987
00001987,0.46361,0.03713
00001988,0.88061,0.07342
00001989,0.37914,0.02327
00001990,0.38318,0.02747
00001991,0.32825,0.02361
00001992,0.31502,0.02576
00001993,1.12525,0.11170
00001994,0.90643,0.07634
00001995,0.62751,0.03880
00001996,0.33282,0.02806
00001997,0.44501,0.02872
00001998,1.18128,0.08544
00001999,0.42013,0.02554
00002000,1.21769,0.25998
00002001,0.79077,0.06095
00002002,0.98594,0.13343
00002003,0.56522,0.03527
00002004,0.72972,0.04765
00002005,0.73969,0.05532
00002006,0.64520,0.03764
00002007,0.47979,0.25754
00002008,0.56520,0.04336
00002009,0.48128,0.02773
00002010,0.52043,0.03452
00002011,1.33756,0.16387
00002012,0.32128,0.02618
00002013,0.27317,0.03065
00002014,0.67376,0.04994
00002015,0.29123,0.02645
00002016,1.33196,0.11115
00002017,0.67844,0.04039
00002018,0.64668,0.04381
00002019,1.48378,0.14287
00002020,1.74311,0.17091
00002021,0.52325,0.02996
00002022,1.68347,0.15787
00002023,0.20675,0.02377
00002024,0.40831,0.03464
00002025,0.70331,0.04558
00002026,0.82334,0.10337
00002027,0.48576,0.05076
00002028,0.29637,0.02718
00002029,0.47184,0.03801
00002030,0.52685,0.03298
00002031,0.46046,0.03472
00002032,0.89860,0.05740
00002033,0.65472,0.04508
00002034,0.51639,0.04589
00002035,0.40947,0.03682
00002036,0.63001,0.04325
00002037,0.93566,0.10239
00002038,1.32521,0.11605
00002039,0.60768,0.04946
00002040,0.69161,0.03848
00002041,0.73503,0.08357
00002042,0.41409,0.02709
00002043,0.35562,0.03603
00002044,0.62207,0.03673
00002045,0.54997,0.03950
00002046,2.24948,0.20063
00002047,0.31407,0.02465
00002048,0.74600,0.03853
00002049,0.58660,0.05150
00002050,0.33528,0.02918
00002051,1.19085,0.09104
00002052,1.01346,0.09240
00002053,0.30244,0.03645
00002054,0.44784,0.02991
00002055,0.22451,0.02251
00002056,0.46315,0.03216
00002057,0.59063,0.04542
00002058,1.39712,0.13326
00002059,0.73661,0.05694
00002060,0.70772,0.04803
00002061,0.39877,0.02684
00002062,0.59676,0.03166
00002063,0.28163,0.02935
00002064,0.84705,0.05704
00002065,0.55672,0.03245
00002066,0.79513,0.05268
00002067,0.37374,0.02870
00002068,0.78090,0.07712
00002069,1.18258,0.10697
00002070,0.71172,0.05140
00002071,2.29517,0.24654
00002072,0.47850,0.03902
00002073,0.87331,0.05275
00002074,0.78796,0.06328
00002075,0.80502,0.05504
00002076,0.46544,0.02270
00002077,2.04074,0.23309
00002078,1.20385,0.10226
00002079,0.81854,0.05849
00002080,0.50966,0.03830
00002081,1.01332,0.08803
00002082,0.23972,0.02442
00002083,0.43911,0.02915
00002084,0.65756,0.03749
00002085,0.32575,0.02822
00002086,0.59430,0.03536
00002087,0.71761,0.03514
00002088,1.21111,0.09071
00002089,0.63695,0.05758
00002090,0.89148,0.06104
00002091,0.53555,0.03237
00002092,0.60792,0.03194
00002093,0.69279,0.06557
00002094,0.51288,0.03318
00002095,0.42340,0.02904
00002096,2.65567,0.28963
00002097,2.24046,0.22549
00002098,0.34222,0.02788
00002099,0.61738,0.04368
00002100,0.54852,0.03417
00002101,0.65271,0.03599
00002102,0.28498,0.02147
00002103,0.57109,0.03125
00002104,0.49551,0.03326
00002105,0.70986,0.04256
00002106,0.45615,0.04044
00002107,0.67260,0.04163
00002108,0.54809,0.04085
00002109,0.50344,0.05472
00002110,0.19557,0.02039
00002111,0.46749,0.04004
00002112,2.17003,0.25630
00002113,0.68426,0.07572
00002114,1.56460,0.13315
00002115,0.63520,0.04064
00002116,1.48503,0.15840
00002117,0.41607,0.03635
00002118,0.36911,0.02471
00002119,0.68456,0.03731
00002120,0.51392,0.03021
00002121,0.47468,0.03069
00002122,1.35167,0.15039
00002123,1.46247,0.12027
00002124,1.95301,0.20455
00002125,1.00495,0.06970
00002126,2.22706,0.23656
00002127,1.00433,0.09116
00002128,0.17426,0.01891
00002129,0.55472,0.03172
00002130,0.46828,0.02827
00002131,0.41657,0.03649
00002132,0.99976,0.07383
00002133,0.99719,0.07555
00002134,0.49209,0.02933
00002135,0.51687,0.03995
00002136,1.05661,0.07428
00002137,1.10623,0.08323
00002138,0.23685,0.02700
00002139,0.27659,0.02142
00002140,1.83339,0.17011
00002141,0.39669,0.02970
00002142,0.45537,0.02834
00002143,0.55179,0.03220
00002144,0.55437,0.05115
00002145,0.35655,0.03198
00002146,0.48250,0.03622
00002147,0.85515,0.05022
00002148,0.73251,0.05133
00002149,0.29260,0.02386
00002150,1.67317,0.17393
00002151,2.31698,0.22791
00002152,1.35772,0.10026
00002153,1.18481,0.11102
00002154,0.58131,0.03918
00002155,0.43331,0.02812
00002156,0.24154,0.02205
00002157,0.56683,0.03681
00002158,2.02170,0.21908
00002159,1.81325,0.15202
00002160,0.61415,0.03774
00002161,0.38605,0.02786
00002162,0.59720,0.03663
00002163,0.97511,0.07126
00002164,0.47247,0.02619
00002165,1.07999,0.07538
00002166,0.81163,0.05518
00002167,0.56652,0.03904
00002168,1.20371,0.10372
00002169,1.13566,0.09554
00002170,0.59684,0.04450
00002171,1.12886,0.07672
00002172,0.83434,0.05603
00002173,1.00599,0.07605
00002174,0.73697,0.04748
00002175,1.04159,0.07044
00002176,0.60858,0.04347
00002177,0.50383,0.03110
00002178,0.70097,0.03965
00002179,0.82084,0.05564
00002180,0.28798,0.02870
00002181,0.64390,0.05145
00002182,1.57461,0.28584
00002183,1.96961,0.18630
00002184,1.25588,0.11126
00002185,1.03301,0.08489
00002186,0.51632,0.02747
00002187,0.95106,0.08817
00002188,0.98973,0.07743
00002189,0.63297,0.03962
00002190,1.09439,0.32029
00002191,0.64755,0.04624
00002192,0.72188,0.04881
00002193,0.35800,0.02873
00002194,0.63894,0.03094
00002195,0.85159,0.07929
00002196,0.31606,0.03132
00002197,1.82900,0.15602
00002198,0.78784,0.05466
00002199,1.77564,0.20298
00002200,0.57910,0.04117
00002201,0.75503,0.04814
00002202,0.92231,0.06118
00002203,0.71431,0.03608
00002204,0.64214,0.05731
00002205,0.87922,0.05323
00002206,0.19281,0.02039
00002207,0.39588,0.02849
00002208,0.81180,0.05100
00002209,0.98149,0.06379
00002210,1.89586,0.21289
00002211,0.37905,0.02599
00002212,0.61367,0.03991
00002213,1.41949,0.10890
00002214,0.67789,0.04166
00002215,0.29288,0.02624
00002216,0.21725,0.02488
00002217,0.89177,0.05794
00002218,0.94350,0.08396
00002219,0.22147,0.02625
00002220,0.57124,0.03157
00002221,0.69768,0.05666
00002222,0.24427,0.02505
00002223,0.23318,0.02311
00002224,0.31246,0.02525
00002225,0.43797,0.03591
00002226,0.48446,0.02959
00002227,0.58559,0.04021
00002228,1.30877,0.13661
00002229,1.38826,0.11903
00002230,0.59097,0.03708
00002231,0.39511,0.03437
00002232,0.45440,0.02613
00002233,0.30893,0.02425
00002234,0.68507,0.04051
00002235,0.19332,0.01951
00002236,1.27865,0.11352
00002237,0.24594,0.02257
00002238,1.47409,0.11052
00002239,0.76606,0.04596
00002240,0.72438,0.04852
00002241,2.36451,0.35682
00002242,0.46979,0.02836
00002243,0.97260,0.07566
00002244,0.78720,0.04808
00002245,0.68891,0.04841
00002246,0.71576,0.05359
00002247,1.55113,0.16776
00002248,0.61004,0.03815
00002249,0.63858,0.03939
00002250,0.44815,0.03540
00002251,0.38654,0.03188
00002252,0.93007,0.07538
00002253,0.58816,0.03693
00002254,0.60687,0.04375
00002255,0.31310,0.02594
00002256,2.74516,0.36202
00002257,0.88790,0.06409
00002258,0.31721,0.02059
00002259,0.50408,0.03884
00002260,1.22854,0.13047
00002261,0.34601,0.02559
00002262,0.60014,0.04182
00002263,1.41595,0.10754
00002264,1.01328,0.07806
00002265,1.10032,0.08464
00002266,1.49330,0.11631
00002267,0.25730,0.02980
00002268,0.50464,0.03072
00002269,1.38653,0.11124
00002270,0.78080,0.04316
00002271,0.65875,0.05658
00002272,1.21138,0.07941
00002273,1.61776,0.14327
00002274,0.25391,0.02209
00002275,2.00320,0.20573
00002276,0.60680,0.03666
00002277,1.01726,0.07765
00002278,0.53484,0.02933
00002279,0.57299,0.04116
00002280,0.66930,0.03884
00002281,0.81238,0.05703
00002282,0.60273,0.04124
00002283,1.18160,0.08318
00002284,0.65945,0.03322
00002285,0.36233,0.02370
00002286,0.36717,0.02294
00002287,0.73605,0.06736
00002288,0.41197,0.02605
00002289,1.01135,0.08027
00002290,1.12257,0.08635
00002291,0.61647,0.04911
00002292,0.40501,0.02730
00002293,0.96693,0.06251
00002294,1.55389,0.15998
00002295,0.51427,0.03048
00002296,0.36980,0.02378
00002297,0.69903,0.04600
00002298,0.57368,0.03741
00002299,0.46470,0.03019
00002300,0.67457,0.05749
00002301,0.65821,0.04180
00002302,0.61542,0.04401
00002303,0.80760,0.06267
00002304,1.63275,0.14816
00002305,0.53722,0.02834
00002306,0.68401,0.07158
00002307,2.21536,0.23801
00002308,0.98325,0.06662
00002309,1.23793,0.11785
00002310,1.38722,0.10191
00002311,1.39907,0.14394
00002312,0.36977,0.02766
00002313,2.12198,0.20720
00002314,1.17026,0.07710
00002315,0.50817,0.03668
00002316,0.17977,0.01958
00002317,2.36198,0.27262
00002318,1.15025,0.13702
00002319,0.45614,0.02480
00002320,0.60549,0.03154
00002321,1.26104,0.09450
00002322,1.58599,0.14621
00002323,0.67405,0.07378
00002324,1.80289,0.15861
00002325,0.51486,0.03740
00002326,0.24752,0.02403
00002327,0.53891,0.03669
00002328,0.35845,0.03135
00002329,0.50670,0.03907
00002330,0.26323,0.02592
00002331,0.99100,0.11722
00002332,1.21999,0.09327
00002333,0.55188,0.06306
00002334,0.66348,0.03976
00002335,0.70275,0.05880
00002336,0.69438,0.03896
00002337,0.51119,0.04055
00002338,0.60155,0.05855
00002339,0.26977,0.02223
00002340,0.50160,0.05477
00002341,1.23099,0.10883
00002342,0.71724,0.04362
00002343,0.67596,0.03513
00002344,0.39085,0.02315
00002345,0.66914,0.05030
00002346,0.69437,0.04502
00002347,0.77724,0.04501
00002348,0.45355,0.03361
00002349,0.53256,0.02888
00002350,0.78292,0.04755
00002351,0.67744,0.06988
00002352,0.62868,0.03922
00002353,0.78811,0.04308
00002354,0.56416,0.02874
00002355,0.46083,0.04144
00002356,0.66075,0.04718
00002357,1.54173,0.14308
00002358,1.20402,0.09075
00002359,0.96935,0.06781
00002360,0.52248,0.03250
00002361,0.84599,0.07139
00002362,0.29121,0.02620
00002363,1.35589,0.09883
00002364,0.91739,0.06335
00002365,0.59187,0.03399
00002366,0.38204,0.03804
00002367,2.57429,0.25752
00002368,0.97203,0.07148
00002369,0.56130,0.03482
00002370,1.13904,0.11687
00002371,0.72372,0.04462
00002372,1.06812,0.06988
00002373,0.58582,0.03713
00002374,0.23911,0.02191
00002375,1.21065,0.10743
00002376,0.59483,0.03735
00002377,0.80715,0.05874
00002378,0.76974,0.04838
00002379,0.41938,0.02931
00002380,1.17659,0.09410
00002381,0.57681,0.04143
00002382,2.12012,0.28261
00002383,0.65603,0.04763
00002384,0.84926,0.06839
00002385,0.34876,0.02685
00002386,1.18220,0.16930
00002387,1.15825,0.08752
00002388,0.62772,0.06439
00002389,0.78877,0.05670
00002390,0.77267,0.06132
00002391,1.27232,0.19645
00002392,0.52397,0.04236
00002393,0.60859,0.04024
00002394,0.21640,0.02056
00002395,0.47365,0.02996
00002396,0.67997,0.05597
00002397,1.50422,0.16835
00002398,0.27719,0.02457
00002399,0.75133,0.05372
00002400,0.92373,0.33203
00002401,0.45789,0.05815
00002402,0.32308,0.03429
00002403,0.49849,0.02768
00002404,0.52367,0.04373
00002405,1.91101,0.16562
00002406,0.43316,0.03192
00002407,0.38085,0.02872
00002408,0.32769,0.02580
00002409,0.28934,0.02411
00002410,0.42337,0.03452
00002411,1.33818,0.10982
00002412,0.51819,0.03791
00002413,0.36888,0.03147
00002414,1.01020,0.11260
00002415,0.83030,0.05779
00002416,0.92787,0.10197
00002417,1.02996,0.12502
00002418,1.01812,0.09085
00002419,1.66103,0.18210
00002420,0.93483,0.07048
00002421,0.20069,0.02092
00002422,1.11301,0.10191
00002423,0.71126,0.04048
00002424,0.42127,0.02686
00002425,2.12286,0.21688
00002426,0.48149,0.02915
00002427,1.57822,0.17344
00002428,1.02138,0.07280
00002429,0.63519,0.04791
00002430,0.43512,0.02967
00002431,3.03518,0.32289
00002432,0.35947,0.02784
00002433,0.22582,0.02184
00002434,1.43790,0.14679
00002435,0.19107,0.02525
00002436,0.99809,0.07619
00002437,0.56133,0.04313
00002438,0.35705,0.02825
00002439,0.49003,0.03197
00002440,0.67335,0.03746
00002441,0.52363,0.03782
00002442,0.28578,0.02630
00002443,0.65448,0.05037
00002444,0.38257,0.02372
00002445,0.87820,0.05334
00002446,0.49804,0.03510
00002447,0.93767,0.05905
00002448,0.49043,0.02523
00002449,1.04029,0.10007
00002450,0.52615,0.04219
00002451,0.60893,0.03462
00002452,0.52527,0.04702
00002453,0.68486,0.04631
00002454,0.20826,0.02455
00002455,0.43793,0.02680
00002456,1.56560,0.13145
00002457,1.26592,0.10076
00002458,0.44290,0.02961
00002459,0.31364,0.03758
00002460,1.05011,0.07865
00002461,1.11494,0.09467
00002462,0.41041,0.03321
00002463,0.47943,0.02835
00002464,1.23874,0.13002
00002465,0.74896,0.04458
00002466,0.84411,0.10732
00002467,0.45911,0.02957
00002468,0.37884,0.02824
00002469,0.31362,0.02663
00002470,1.72551,0.19484
00002471,0.52399,0.03031
00002472,0.53072,0.03224
00002473,0.59096,0.03485
00002474,0.51778,0.03080
00002475,1.12220,0.07507
00002476,0.98143,0.07362
00002477,0.82272,0.05545
00002478,0.50062,0.03962
00002479,2.06805,0.22342
00002480,0.39749,0.02422
00002481,0.52336,0.09992
00002482,0.52188,0.03844
00002483,0.17482,0.01843
00002484,0.39756,0.02663
00002485,0.93845,0.09687
00002486,0.62526,0.04525
00002487,1.39543,0.11980
00002488,0.96906,0.06933
00002489,0.31748,0.02548
00002490,0.61830,0.04814
00002491,0.33725,0.02526
00002492,0.53969,0.03572
00002493,0.78979,0.06296
00002494,0.95822,0.08297
00002495,0.57475,0.04262
00002496,0.97383,0.07527
00002497,0.34260,0.03052
00002498,1.83224,0.18188
00002499,0.36570,0.03942
00002500,2.00979,0.22015
00002501,0.74121,0.04717
00002502,0.30239,0.02798
00002503,0.74591,0.04380
00002504,0.73711,0.05412
00002505,1.18026,0.08572
00002506,0.85550,0.08398
00002507,0.73946,0.05409
00002508,1.27425,0.09636
00002509,0.56487,0.03316
00002510,0.65863,0.03669
00002511,0.46822,0.03137
00002512,0.66451,0.05186
00002513,0.71925,0.05753
00002514,1.18734,0.08235
00002515,0.38289,0.02713
00002516,1.50995,0.12547
00002517,0.57984,0.04051
00002518,0.69953,0.04072
00002519,0.24364,0.02072
00002520,0.77051,0.04663
00002521,0.65508,0.03589
00002522,0.42110,0.02752
00002523,0.70195,0.05168
00002524,0.86660,0.05703
00002525,0.44649,0.03153
00002526,1.23215,0.08765
00002527,0.60190,0.04393
00002528,0.40377,0.02744
00002529,1.45642,0.13209
00002530,0.55499,0.03711
00002531,1.23932,0.11769
00002532,0.44541,0.02583
00002533,0.46287,0.02856
00002534,0.37061,0.04046
00002535,1.44531,0.12343
00002536,0.42544,0.03538
00002537,0.43745,0.03158
00002538,0.93687,0.10429
00002539,0.76511,0.05441
00002540,0.57442,0.04359
00002541,0.70824,0.04470
00002542,0.85545,0.06319
00002543,0.83337,0.04752
00002544,0.48308,0.02749
00002545,0.82081,0.05041
00002546,0.68550,0.04217
00002547,0.80822,0.05305
00002548,0.27452,0.02452
00002549,0.61853,0.04207
00002550,0.69417,0.05531
00002551,0.41288,0.03440
00002552,0.50271,0.02953
00002553,0.58178,0.03176
00002554,0.29876,0.02193
00002555,0.63973,0.03766
00002556,0.39750,0.02736
00002557,0.60811,0.04259
00002558,0.33322,0.02493
00002560,0.18283,0.01850
00002561,0.75820,0.04425
00002562,0.59443,0.03640
00002563,0.34530,0.02560
00002564,0.31214,0.02725
00002565,0.34320,0.02695
00002566,1.26207,0.09509
00002567,0.23417,0.07989
00002568,0.72601,0.05310
00002569,0.57241,0.03917
00002570,1.46164,0.14107
00002571,1.11965,0.15728
00002572,1.21560,0.10036
00002573,1.14875,0.20223
00002574,1.72793,0.14563
00002575,0.64565,0.03480
00002576,1.41331,0.13258
00002577,0.35234,0.02300
00002578,0.72591,0.04434
00002579,1.49080,0.12743
00002580,0.38869,0.02830
00002581,0.65381,0.03712
00002582,1.05852,0.08301
00002583,1.21920,0.09495
00002584,0.33953,0.02448
00002585,0.95653,0.06896
00002586,0.73241,0.05504
00002587,0.75313,0.04634
00002588,0.45533,0.02594
00002589,0.69692,0.03623
00002590,0.70387,0.04868
00002591,0.64535,0.04460
00002592,1.30582,0.09942
00002593,0.55570,0.04573
00002594,1.28634,0.09796
00002595,1.01719,0.07540
00002596,1.23060,0.08929
00002597,0.94589,0.05718
00002598,2.42416,0.24180
00002599,0.53532,0.03527
00002600,1.12579,0.08161
00002601,0.55959,0.05853
00002602,1.26859,0.11682
00002603,0.55978,0.03266
00002604,1.94578,0.17645
00002605,0.77909,0.04866
00002606,1.03323,0.09811
00002607,0.86323,0.06021
00002608,0.65187,0.03660
00002609,0.43841,0.02678
00002610,0.50768,0.04177
00002611,1.01679,0.06547
00002612,0.37517,0.02407
00002613,0.49869,0.02921
00002614,1.93061,0.16386
00002615,1.18681,0.09441
00002616,1.15477,0.11518
00002617,1.27264,0.11308
00002618,1.03223,0.07032
00002619,0.45889,0.04209
00002620,0.54362,0.03732
00002621,0.47645,0.03457
00002622,1.01523,0.06572
00002623,1.56255,0.15978
00002624,0.78692,0.05444
00002625,0.59493,0.05860
00002626,0.27518,0.03075
00002627,1.31803,0.11094
00002628,0.38760,0.02577
00002629,0.82241,0.05458
00002630,0.35245,0.03377
00002631,1.34382,0.09994
00002632,1.87573,0.18258
00002633,0.30583,0.02221
00002634,1.67848,0.18449
00002635,0.42795,0.03112
00002636,1.46467,0.13552
00002637,0.76567,0.06536
00002638,1.31819,0.11592
00002639,0.45854,0.03441
00002640,0.57279,0.03039
00002641,1.69810,0.27558
00002642,1.86664,0.43505
00002643,0.50887,0.03883
00002644,0.67074,0.04403
00002645,0.42989,0.02982
00002646,0.52882,0.03356
00002647,1.17952,0.08927
00002648,1.04670,0.10508
00002649,0.60554,0.03979
00002650,0.21706,0.02263
00002651,0.83984,0.05908
00002652,0.38923,0.02311
00002653,0.84391,0.07020
00002654,0.37918,0.03692
00002655,0.30801,0.02701
00002656,0.47987,0.02723
00002657,1.02081,0.07640
00002658,0.28844,0.02929
00002659,0.46846,0.08264
00002660,1.16018,0.08815
00002661,0.72251,0.05359
00002662,0.67178,0.04435
00002663,0.59599,0.06551
00002664,0.69922,0.03735
00002665,0.96763,0.09066
00002666,0.73049,0.06236
00002667,0.47954,0.03642
00002668,0.55927,0.10268
00002669,0.67135,0.03882
00002670,0.58727,0.04340
00002671,0.37264,0.02430
00002672,1.19801,0.10626
00002673,0.18871,0.02008
00002674,1.78060,0.15903
00002675,0.59918,0.03633
00002676,0.60117,0.02974
00002677,0.42440,0.03422
00002678,0.90797,0.12422
00002679,0.70158,0.03550
00002680,1.38420,0.14216
00002681,0.74253,0.05245
00002682,0.56996,0.04033
00002683,0.73408,0.05427
00002684,0.54868,0.03706
00002685,0.18922,0.01978
00002686,0.30877,0.02212
00002687,0.57892,0.04981
00002688,0.44947,0.02705
00002689,0.86467,0.05063
00002690,0.98854,0.06887
00002691,1.32781,0.11461
00002692,0.76663,0.07470
00002693,0.20147,0.02126
00002694,0.51949,0.03409
00002695,0.51698,0.02690
00002696,1.86020,0.25279
00002697,1.85904,0.16538
00002698,0.49954,0.02998
00002699,1.23508,0.10714
00002700,0.49355,0.02935
00002701,0.40752,0.03250
00002702,2.29970,0.30916
00002703,0.53569,0.06944
00002704,0.51614,0.03316
00002705,0.48040,0.02544
00002706,0.64153,0.04467
00002707,0.45329,0.03031
00002708,0.73622,0.05187
00002709,0.59522,0.03507
00002710,1.33769,0.10357
00002711,0.67984,0.04870
00002712,1.64761,0.18454
00002713,0.36298,0.02954
00002714,0.62509,0.06029
00002715,1.87133,0.15585
00002716,0.92217,0.06958
00002717,0.27981,0.02282
00002718,0.95801,0.05943
00002719,2.04712,0.21194
00002720,1.12448,0.13418
00002721,0.55426,0.02944
00002722,0.55026,0.03140
00002723,1.42181,0.20185
00002724,0.59808,0.04257
00002725,1.25130,0.11084
00002726,0.68193,0.04654
00002727,0.25304,0.02377
00002728,1.04620,0.07729
00002729,1.11374,0.08607
00002730,0.93232,0.06414
00002731,0.50690,0.03630
00002732,2.15181,0.23884
00002733,0.29188,0.02677
00002735,3.08917,0.34267
00002736,0.62641,0.03531
00002737,0.42179,0.03723
00002738,1.28579,0.09570
00002739,0.73394,0.05738
00002740,0.90411,0.06542
00002741,0.28648,0.02353
00002742,0.94404,0.07251
00002743,0.21668,0.02248
00002744,0.87016,0.06248
00002745,0.48566,0.03661
00002746,0.29490,0.02363
00002747,0.45918,0.03290
00002748,1.82784,0.17714
00002749,1.60165,0.13062
00002750,0.84365,0.05969
00002751,0.58307,0.04127
00002752,0.57561,0.05312
00002753,0.61020,0.04221
00002754,0.80773,0.05899
00002755,0.77880,0.05237
00002756,0.45589,0.03389
00002757,2.24481,0.27024
00002758,0.25840,0.02176
00002759,0.58313,0.07551
00002760,0.81882,0.04691
00002761,1.53057,0.14033
00002762,1.67873,0.21110
00002763,0.43149,0.03026
00002764,0.41496,0.02491
00002765,0.99923,0.05939
00002766,0.22455,0.02259
00002767,0.33096,0.03270
00002768,1.15608,0.11859
00002769,1.67123,0.21260
00002770,0.71566,0.04982
00002771,0.43458,0.02637
00002772,0.57390,0.04769
00002773,1.04325,0.07021
00002774,0.44045,0.02488
00002775,0.35948,0.03407
00002776,1.14898,0.29488
00002777,0.95564,0.07476
00002778,0.61601,0.03616
00002779,0.61189,0.04337
00002780,0.44593,0.02621
00002781,0.66550,0.05502
00002782,0.62092,0.03487
00002783,0.26990,0.02316
00002784,0.40615,0.03209
00002785,0.86142,0.05812
00002786,0.45601,0.03572
00002787,0.34830,0.02686
00002788,0.48994,0.03116
00002789,0.56133,0.03226
00002790,0.32404,0.02823
00002791,0.91365,0.06931
00002792,0.22562,0.02138
00002793,0.58309,0.02931
00002794,0.59335,0.03112
00002795,0.94513,0.08126
00002796,1.00164,0.08068
00002797,1.37947,0.21155
00002798,0.56792,0.03964
00002799,0.91587,0.06066
00002800,1.35918,0.10166
00002801,0.21587,0.04357
00002802,0.41501,0.02354
00002803,0.68714,0.03987
00002804,1.08694,0.12933
00002805,0.52123,0.02858
00002806,0.51374,0.03224
00002807,0.68963,0.04276
00002808,0.53898,0.02927
00002809,1.64167,0.13423
00002810,0.46624,0.02846
00002811,2.00792,0.20554
00002812,0.73407,0.03932
00002813,1.57135,0.14302
00002814,0.38168,0.03342
00002815,0.75728,0.04652
00002816,0.39059,0.02471
00002817,0.88630,0.07244
00002818,0.82675,0.08142
00002819,0.98938,0.10832
00002820,0.34466,0.02447
00002821,0.55704,0.03441
00002822,0.51230,0.02799
00002823,1.44118,0.11801
00002824,2.89388,0.32558
00002825,0.38989,0.02356
00002826,1.21725,0.09896
00002827,0.83851,0.06615
00002828,0.67772,0.05053
00002829,0.62588,0.03436
00002830,0.59650,0.03175
00002831,1.24362,0.09709
00002832,1.05207,0.17028
00002833,0.63024,0.03850
00002834,0.94737,0.06332
00002835,0.51712,0.02896
00002836,0.99531,0.07561
00002837,0.73578,0.04484
00002838,0.69793,0.03859
00002839,0.67485,0.04164
00002840,1.16572,0.18048
00002841,1.28967,0.13121
00002842,0.61019,0.03189
00002843,0.64021,0.05370
00002844,0.52784,0.03733
00002845,0.57950,0.03512
00002846,0.82719,0.05230
00002847,1.32457,0.18525
00002848,1.20074,0.10279
00002849,1.99717,0.21358
00002850,2.16568,0.25282
00002851,1.44534,0.14014
00002852,0.95317,0.06967
00002853,0.95242,0.08575
00002854,0.83734,0.04981
00002855,0.27482,0.02395
00002856,0.49399,0.03064
00002857,0.31170,0.02643
00002858,0.80807,0.04756
00002859,0.89198,0.06931
00002860,0.18950,0.02037
00002861,0.38521,0.02625
00002862,0.96209,0.07033
00002863,1.14693,0.07825
00002864,1.60168,0.18255
00002865,0.50568,0.03213
00002866,1.90264,0.25291
00002867,0.92410,0.06120
00002868,1.01459,0.07464
00002869,1.24747,0.09786
00002870,0.65199,0.03911
00002871,0.60449,0.04054
00002872,0.42495,0.02427
00002873,0.30095,0.02306
00002874,0.69805,0.06446
00002875,0.65954,0.05048
00002876,0.91205,0.05512
00002877,0.73065,0.05912
00002878,1.53729,0.20865
00002879,1.54113,0.15443
00002880,2.00340,0.19546
00002881,0.76087,0.04662
00002882,0.48647,0.04077
00002883,0.79953,0.06185
00002884,1.44154,0.11667
00002885,0.84143,0.05399
00002886,0.58028,0.03451
00002887,0.58301,0.04298
00002888,0.69763,0.06548
00002889,0.41628,0.03263
00002890,0.51851,0.04344
00002891,0.21669,0.03253
00002892,0.21218,0.02092
00002893,1.86144,0.21821
00002894,0.54078,0.04080
00002895,0.44754,0.02549
00002896,0.44610,0.02852
00002897,0.87999,0.06808
00002898,0.66874,0.03425
00002899,0.84720,0.04813
00002900,0.75970,0.05179
00002901,0.77937,0.06105
00002902,1.28278,0.11610
00002903,0.75417,0.06031
00002904,0.63925,0.03789
00002905,0.35886,0.02855
00002906,0.55445,0.03177
00002907,0.85231,0.07510
00002908,0.68434,0.05608
00002909,0.91302,0.05659
00002910,0.73752,0.04003
00002911,0.98176,0.06512
00002912,0.39229,0.02289
00002913,0.68982,0.03817
00002914,2.42123,0.35274
00002915,0.70487,0.04464
00002916,2.39848,0.27073
00002917,0.52447,0.03582
00002918,0.44513,0.02613
00002919,0.35442,0.02771
00002920,0.21097,0.02363
00002921,0.59035,0.03908
00002922,0.97762,0.07431
00002923,0.61309,0.04648
00002924,0.69382,0.06178
00002925,1.99879,0.16914
00002926,0.80558,0.06434
00002927,1.09056,0.10840
00002928,0.82381,0.04895
00002929,0.54936,0.03459
00002930,0.47075,0.02481
00002931,0.61362,0.04472
00002932,0.41701,0.02836
00002933,3.00186,0.42375
00002934,1.62463,0.14934
00002935,0.54018,0.04854
00002936,0.48670,0.02862
00002937,3.28272,0.36557
00002938,2.76274,0.32155
00002939,0.97007,0.07343
00002940,0.25762,0.02205
00002941,0.23976,0.02154
00002942,0.75033,0.04470
00002943,0.40545,0.02471
00002944,0.55944,0.03572
00002945,0.57489,0.03439
00002946,0.21649,0.03068
00002947,0.60912,0.04031
00002948,0.20560,0.03366
00002949,0.19266,0.01988
00002950,0.62383,0.05000
00002951,0.42881,0.03178
00002952,0.86065,0.06296
00002953,0.37318,0.03101
00002954,0.33070,0.02504
00002955,0.57806,0.04480
00002956,0.51173,0.03001
00002957,0.97164,0.08993
00002958,0.49923,0.04210
00002959,0.33434,0.02891
00002961,0.44546,0.02880
00002962,0.87008,0.13213
00002963,0.28763,0.03041
00002964,0.52600,0.03055
00002965,0.41859,0.04705
00002966,1.42258,0.13126
00002967,0.71198,0.04342
00002968,0.64041,0.04283
00002969,1.29641,0.14015
00002970,1.28581,0.11721
00002971,0.36486,0.03393
00002972,1.23140,0.08764
00002973,0.35437,0.02296
00002974,0.39953,0.03040
00002975,0.90883,0.09310
00002976,1.30731,0.11203
00002977,0.73843,0.04292
00002978,1.38835,0.13459
00002979,0.49005,0.02717
00002980,0.61098,0.05101
00002981,0.48883,0.02765
00002982,0.77121,0.04416
00002983,0.60579,0.03333
00002984,1.00546,0.08390
00002985,0.58470,0.04886
00002986,0.76457,0.06729
00002987,0.73756,0.06069
00002988,1.28007,0.10282
00002989,0.45864,0.04852
00002990,0.81836,0.06741
00002991,0.82923,0.07864
00002992,0.48922,0.02665
00002993,1.73117,0.30163
00002994,0.33022,0.02638
00002995,1.14659,0.07512
00002996,0.53411,0.03892
00002997,0.29908,0.02063
00002998,0.22657,0.02176
00002999,0.74726,0.04283
00003000,0.71145,0.03925
00003001,0.23712,0.02610
00003002,0.39284,0.02984
00003003,0.57631,0.05580
00003004,0.62673,0.03585
00003005,0.62036,0.03937
00003006,0.87076,0.07144
00003007,0.31327,0.03625
00003008,0.54367,0.03646
00003009,1.08614,0.07299
00003010,0.37052,0.02236
00003011,0.62179,0.03570
00003012,0.79824,0.05140
00003013,0.60742,0.04833
00003014,1.38100,0.12906
00003015,0.65573,0.04547
00003016,1.34457,0.12615
00003017,0.66584,0.04200
00003018,1.00756,0.06504
00003019,0.42267,0.02601
00003020,0.95089,0.09467
00003021,0.40605,0.03200
00003022,0.49886,0.04411
00003023,0.85639,0.07129
00003024,0.43597,0.02878
00003025,0.70630,0.14228
00003026,0.59014,0.03712
00003027,0.49297,0.03226
00003028,0.87633,0.05107
00003029,0.28201,0.02172
00003030,0.42768,0.03745
00003031,1.25981,0.11221
00003032,0.52636,0.04074
00003033,0.92588,0.07369
00003034,0.26206,0.02421
00003035,0.46377,0.02547
00003036,1.05090,0.08710
00003037,1.08917,0.10082
00003038,0.78746,0.04848
00003039,0.53091,0.04884
00003040,1.49940,0.11652
00003041,0.36166,0.02756
00003042,0.47322,0.03614
00003043,0.47846,0.03180
00003044,0.30850,0.02680
00003045,0.35034,0.02784
00003046,1.05021,0.07629
00003047,0.49640,0.02782
00003048,0.33960,0.02459
00003049,0.35667,0.03388
00003050,0.64877,0.03855
00003051,1.43733,0.16247
00003052,1.02459,0.08178
00003053,0.27097,0.02264
00003054,0.35735,0.02660
00003055,0.52864,0.03793
00003056,0.49970,0.03382
00003057,0.39535,0.03236
00003058,0.96608,0.07179
00003059,0.66443,0.03554
00003060,0.35082,0.02721
00003061,0.53850,0.03031
00003062,0.24411,0.03078
00003063,0.75553,0.04956
00003064,0.69748,0.05296
00003065,0.58826,0.03881
00003066,0.42117,0.02690
00003067,1.03315,0.07828
00003068,0.61687,0.04388
00003069,0.74186,0.05136
00003070,0.63918,0.04583
00003071,1.50723,0.20403
00003072,0.82496,0.04786
00003073,1.77597,0.18772
00003074,1.04691,0.07037
00003075,1.14865,0.08197
00003076,0.40021,0.02391
00003077,1.35429,0.10248
00003078,1.00495,0.07371
00003079,2.81033,0.32115
00003080,0.95820,0.07543
00003081,0.87555,0.05221
00003082,0.53579,0.03569
00003083,0.73975,0.05732
00003084,0.38029,0.02706
00003085,0.40524,0.02579
00003086,3.09579,0.37888
00003087,1.88824,0.17469
00003088,0.41744,0.02341
00003089,0.47273,0.02495
00003090,1.25745,0.09924
00003091,0.31744,0.02933
00003092,0.71764,0.04720
00003093,0.92965,0.06726
00003094,0.70645,0.05626
00003095,0.51324,0.03472
00003096,0.20999,0.02974
00003097,0.99537,0.08469
00003098,0.34935,0.02656
00003099,0.45669,0.03597
00003100,0.91664,0.06885
00003101,0.32580,0.02703
00003102,2.19872,0.24651
00003103,0.95139,0.07374
00003104,1.53769,0.12957
00003105,1.14234,0.08804
00003106,0.40564,0.02744
00003107,2.11256,0.46954
00003108,0.58838,0.03225
00003109,0.57212,0.04373
00003110,0.71387,0.05295
00003111,0.78104,0.06515
00003112,0.17199,0.01937
00003113,0.52714,0.03920
00003114,1.16587,0.10462
00003115,0.43374,0.02565
00003116,1.44828,0.11342
00003117,0.82248,0.07040
00003118,0.87570,0.06566
00003119,1.81612,0.17583
00003120,0.43073,0.02563
00003121,0.39048,0.02718
00003122,0.60697,0.03966
00003123,0.39516,0.02982
00003124,0.64172,0.03899
00003125,1.95929,0.22449
00003126,0.47990,0.03206
00003127,0.57427,0.03395
00003128,0.47535,0.03062
00003129,0.68548,0.04445
00003130,0.50107,0.02827
00003131,0.85265,0.05215
00003132,1.17510,0.11164
00003133,1.08134,0.10005
00003134,0.86781,0.08644
00003135,0.72948,0.04032
00003136,0.43862,0.02583
00003137,0.62869,0.03157
00003138,0.37343,0.02659
00003139,0.54071,0.02957
00003140,0.23961,0.02656
00003141,0.24931,0.02105
00003142,0.22926,0.02360
00003143,0.66537,0.04038
00003144,1.05586,0.06522
00003145,0.20665,0.02033
00003146,0.40118,0.02535
00003147,0.55723,0.03612
00003148,0.53097,0.03456
00003149,0.43416,0.02577
00003150,2.48972,0.25885
00003151,2.59840,0.27046
00003152,0.39435,0.02733
00003153,0.74104,0.07859
00003154,0.43143,0.03857
00003155,0.71235,0.04385
00003156,0.35970,0.02963
00003157,0.65801,0.04536
00003158,0.57082,0.03533
00003159,0.31067,0.02213
00003160,0.49940,0.03542
00003161,0.19521,0.02150
00003162,0.56949,0.03151
00003163,0.55273,0.05876
00003164,2.81117,0.32556
00003165,0.95669,0.07097
00003166,0.28812,0.05827
00003167,0.63966,0.04124
00003168,0.58890,0.03437
00003169,1.50080,0.15336
00003170,0.40591,0.02277
00003171,0.36685,0.02536
00003172,0.68581,0.05377
00003173,1.19333,0.09056
00003174,0.41311,0.02418
00003175,0.34070,0.02685
00003176,0.97973,0.08781
00003177,0.23579,0.02311
00003178,1.96165,0.26373
00003179,0.51438,0.03604
00003180,0.66875,0.03459
00003181,0.77840,0.05134
00003182,0.44924,0.04813
00003183,0.48783,0.03108
00003184,2.13561,0.20490
00003185,0.59199,0.03339
00003186,1.76013,0.14057
00003187,0.34328,0.03717
00003188,0.39094,0.03491
00003189,0.57055,0.03607
00003190,1.48125,0.20939
00003191,0.98723,0.20148
00003192,0.56299,0.04185
00003193,0.27814,0.02228
00003194,0.72766,0.05391
00003195,1.29343,0.10439
00003196,0.34700,0.03436
00003197,0.70110,0.03755
00003198,1.47941,0.18934
00003199,0.69355,0.04298
00003200,0.56998,0.04335
00003201,0.54694,0.03708
00003202,0.52312,0.02832
00003203,0.95978,0.06461
00003204,0.40649,0.02445
00003205,0.90828,0.05621
00003206,0.77909,0.04651
00003207,0.79382,0.06178
00003208,1.22180,0.19950
00003209,1.02789,0.09727
00003210,0.65633,0.03572
00003211,0.38165,0.02673
00003212,0.66355,0.04612
00003213,0.52716,0.03678
00003214,1.47252,0.22491
00003215,0.29244,0.02511
00003216,0.33965,0.02500
00003217,2.41085,0.25982
00003218,2.72666,0.27001
00003219,0.39298,0.02734
00003220,0.48746,0.03280
00003221,0.49226,0.03341
00003222,0.52794,0.03211
00003223,1.03066,0.12140
00003224,0.36666,0.02873
00003225,0.83924,0.05451
00003226,0.43945,0.04506
00003227,0.29927,0.02422
00003228,0.70730,0.04332
00003229,1.27667,0.09935
00003230,0.84950,0.05883
00003231,0.28726,0.02433
00003232,0.95972,0.06926
00003233,0.50925,0.03013
00003234,1.30272,0.10301
00003235,0.51596,0.03714
00003236,0.98303,0.07919
00003237,0.50957,0.03437
00003238,0.78927,0.04411
00003239,0.59612,0.03074
00003240,0.59998,0.05180
00003241,0.71236,0.04390
00003242,0.51416,0.03449
00003243,0.70536,0.04536
00003244,0.44248,0.03339
00003245,0.50299,0.03096
00003246,1.01333,0.06527
00003247,0.35359,0.02915
00003248,0.42038,0.03227
00003249,0.27313,0.02638
00003250,1.61101,0.14652
00003251,0.68956,0.04851
00003252,2.44820,0.24301
00003253,0.40184,0.03018
00003254,0.46389,0.02845
00003255,0.28005,0.02121
00003256,0.39347,0.02318
00003257,0.40149,0.02661
00003258,0.61042,0.03260
00003259,0.54811,0.03778
00003260,0.78882,0.05096
00003261,0.54207,0.05070
00003262,0.23641,0.03430
00003263,0.71005,0.04661
00003265,0.49378,0.02596
00003266,0.53796,0.04025
00003267,1.09901,0.07628
00003268,1.55957,0.12385
00003269,1.19660,0.10082
00003270,0.82415,0.05646
00003271,0.73484,0.04228
00003272,0.85450,0.05925
00003273,1.11757,0.08653
00003274,1.05899,0.08939
00003275,0.47608,0.02515
00003276,0.48687,0.08812
00003277,0.54214,0.03814
00003278,0.56336,0.03032
00003279,0.48608,0.02670
00003280,0.53783,0.04844
00003281,0.29413,0.02261
00003282,1.33960,0.12676
00003283,0.74459,0.04248
00003284,0.47788,0.03077
00003285,0.24481,0.02057
00003286,0.89997,0.09476
00003287,0.73384,0.04803
00003288,0.87790,0.07767
00003289,1.96557,0.17401
00003290,1.47728,0.15842
00003291,0.40443,0.03008
00003292,0.55831,0.04183
00003293,1.50271,0.12603
00003294,0.84282,0.05570
00003295,0.61184,0.03294
00003296,0.65845,0.04427
00003297,0.38910,0.03069
00003298,1.45748,0.12661
00003299,0.20185,0.02339
00003300,0.45366,0.02307
00003301,0.44680,0.02648
00003302,0.70322,0.06080
00003303,0.36918,0.04024
00003304,1.04458,0.08692
00003305,0.58456,0.04251
00003306,0.58004,0.04546
00003307,1.89593,0.20738
00003308,0.52098,0.02925
00003309,0.80485,0.10270
00003310,0.73062,0.06398
00003311,0.21270,0.03091
00003312,0.62222,0.05198
00003313,0.33309,0.02174
00003314,0.66639,0.05617
00003315,0.33218,0.03450
00003316,1.45880,0.14301
00003317,0.21737,0.02525
00003318,0.48198,0.05309
00003319,0.25542,0.02680
00003320,0.84362,0.08854
00003321,1.01272,0.08122
00003322,0.51248,0.03976
00003323,0.79555,0.06466
00003324,0.93867,0.06774
00003325,0.45662,0.02429
00003326,0.51974,0.03008
00003327,0.60149,0.03549
00003328,0.72055,0.04571
00003329,0.42763,0.03928
00003330,0.43381,0.03294
00003331,1.32074,0.12702
00003332,1.27771,0.10819
00003333,0.71303,0.04696
00003334,0.42516,0.02415
00003335,0.49167,0.03952
00003336,1.01755,0.10327
00003337,0.31977,0.02598
00003338,0.33439,0.02351
00003339,0.41941,0.03670
00003340,0.95863,0.06775
00003341,0.55650,0.03911
00003342,1.86960,0.22720
00003343,0.37969,0.02368
00003344,0.45288,0.03417
00003345,0.63255,0.03603
00003346,0.57112,0.03433
00003347,0.83946,0.06693
00003348,0.62922,0.04430
00003349,0.70641,0.06317
00003350,0.90084,0.06327
00003351,0.64006,0.04098
00003352,0.92801,0.07781
00003353,0.45486,0.03783
00003354,0.47453,0.02972
00003355,0.54499,0.03981
00003356,1.13163,0.09124
00003357,0.37183,0.02758
00003358,0.54160,0.03357
00003359,0.81940,0.04906
00003360,0.33216,0.02472
00003361,0.74924,0.07879
00003362,1.14830,0.10532
00003363,0.88177,0.05799
00003364,0.62592,0.04716
00003365,1.09545,0.08099
00003366,0.63090,0.03672
00003367,0.37063,0.03367
00003368,0.84142,0.05537
00003369,1.15806,0.12593
00003370,0.21200,0.03090
00003371,1.16287,0.10889
00003372,0.44008,0.04106
00003373,1.24591,0.09339
00003374,1.29461,0.08850
00003375,2.45198,0.25154
00003376,0.71227,0.05549
00003377,0.34150,0.02383
00003378,0.44784,0.02449
00003379,0.38870,0.02604
00003380,0.82094,0.07627
00003381,0.53129,0.03687
00003382,0.46218,0.02784
00003383,1.10286,0.08845
00003384,0.43700,0.02837
00003385,0.26287,0.02452
00003386,2.07881,0.29895
00003387,0.59658,0.04864
00003388,1.50952,0.15913
00003389,0.50051,0.03702
00003390,1.08031,0.10235
00003391,0.24500,0.03579
00003392,0.22574,0.02420
00003393,1.19659,0.09183
00003394,0.66528,0.03927
00003395,0.61767,0.06751
00003396,0.55700,0.04379
00003397,0.82259,0.05930
00003398,1.02183,0.06998
00003399,1.99365,0.21812
00003400,0.47180,0.02809
00003401,1.02302,0.08686
00003402,0.56069,0.04746
00003403,0.57335,0.03749
00003404,0.36269,0.03049
00003405,0.47003,0.02717
00003406,1.78523,0.18996
00003407,1.63229,0.15931
00003408,0.57875,0.03463
00003409,0.76812,0.06386
00003410,0.53592,0.04060
00003411,0.52871,0.03230
00003412,0.60411,0.04585
00003413,0.88739,0.06030
00003414,0.90287,0.06108
00003415,0.77102,0.06088
00003416,0.42807,0.02459
00003418,0.64140,0.03948
00003419,0.72866,0.05145
00003420,1.15139,0.08611
00003421,0.22865,0.02154
00003422,0.50731,0.03519
00003423,0.92681,0.11753
00003424,1.24753,0.10607
00003425,1.05695,0.08759
00003426,0.53869,0.02958
00003427,0.36333,0.02539
00003428,0.31851,0.02342
00003429,1.39183,0.10695
00003430,1.12074,0.07822
00003431,0.76686,0.05553
00003432,0.63341,0.10523
00003433,0.41298,0.02707
00003434,1.04771,0.07853
00003435,0.39625,0.02751
00003436,0.95520,0.08469
00003437,0.42797,0.02553
00003438,0.50143,0.03787
00003439,0.72330,0.05441
00003440,0.66558,0.03801
00003441,0.76275,0.05376
00003442,0.63244,0.05799
00003443,1.04316,0.08884
00003444,0.50298,0.03355
00003445,0.39750,0.03033
00003446,0.21973,0.03114
00003447,0.29093,0.02330
00003448,0.53025,0.03770
00003449,0.64552,0.04126
00003450,0.28468,0.02581
00003451,0.57180,0.03267
00003452,0.45607,0.02776
00003453,0.50166,0.03142
00003454,0.90569,0.05959
00003455,0.89942,0.12148
00003456,0.61341,0.04053
00003457,0.66961,0.06475
00003458,0.62287,0.02998
00003459,0.40717,0.03078
00003460,0.51514,0.04520
00003461,0.39552,0.02960
00003462,0.49377,0.03041
00003463,0.47806,0.02626
00003464,0.53709,0.03302
00003465,0.90385,0.07093
00003466,0.68651,0.03994
00003467,0.32609,0.02420
00003468,0.21756,0.02251
00003469,0.48315,0.03171
00003470,0.35599,0.02752
00003471,1.59233,0.12730
00003472,1.32730,0.10116
00003473,0.77249,0.05144
00003474,0.76832,0.05715
00003475,0.50907,0.03223
00003476,0.69093,0.04184
00003477,0.55285,0.03126
00003478,0.33010,0.03929
00003479,0.31603,0.02485
00003480,1.37202,0.12482
00003481,0.86388,0.05731
00003482,0.53997,0.03634
00003483,0.41919,0.03461
00003484,0.93773,0.08872
00003485,0.45584,0.05859
00003486,0.44829,0.04122
00003487,0.52867,0.03624
00003488,0.49986,0.02961
00003489,2.33571,0.24053
00003490,2.61363,0.29673
00003491,1.57116,0.21098
00003492,1.07301,0.11055
00003493,0.87978,0.07473
00003494,1.51110,0.19361
00003495,0.51460,0.02667
00003496,0.57091,0.03677
00003497,0.50993,0.04750
00003498,0.35855,0.02685
00003499,0.27428,0.02340
00003500,0.31278,0.02565
00003501,0.21596,0.02168
00003502,1.04938,0.07069
00003503,1.33789,0.20068
00003504,0.69585,0.04967
00003505,0.66663,0.04062
00003506,0.84520,0.05357
00003507,0.71645,0.05388
00003508,0.33085,0.02175
00003509,0.40723,0.02492
00003511,0.20567,0.02115
00003512,0.37971,0.03553
00003513,0.37947,0.02804
00003514,0.43715,0.02449
00003515,0.20211,0.02422
00003516,0.35478,0.02675
00003517,0.94833,0.07413
00003518,0.46762,0.03014
00003519,0.57101,0.02990
00003520,0.42747,0.03610
00003521,1.68654,0.15771
00003522,0.46413,0.03023
00003523,1.15123,0.10375
00003524,0.58074,0.03295
00003525,0.75327,0.05805
00003526,0.49767,0.02959
00003527,0.44125,0.04480
00003528,0.80118,0.07826
00003529,2.40614,0.31509
00003530,0.63773,0.05266
00003531,0.61794,0.05204
00003532,0.48993,0.03193
00003533,0.32587,0.03082
00003534,0.94938,0.10329
00003535,0.67233,0.03633
00003536,2.12783,0.25654
00003537,0.70599,0.04515
00003538,0.30803,0.02557
00003539,1.23316,0.12844
00003540,0.50428,0.03006
00003541,1.79739,0.16038
00003542,0.74547,0.04661
00003543,0.49504,0.04047
00003544,1.66031,0.14466
00003545,0.45028,0.03174
00003546,1.31882,0.10138
00003547,0.65552,0.07440
00003548,0.99009,0.06180
00003549,2.54059,0.29595
00003550,0.75194,0.04798
00003551,0.23083,0.02304
00003552,1.07648,0.06684
00003553,0.39200,0.02390
00003554,0.70870,0.04699
00003555,0.86044,0.05899
00003556,0.30015,0.02114
00003557,0.50154,0.02821
00003558,0.64016,0.05284
00003559,0.32011,0.02503
00003560,1.03544,0.11958
00003561,0.91495,0.07270
00003562,0.94291,0.13983
00003563,0.27461,0.03232
00003564,0.36812,0.03346
00003565,0.44308,0.02637
00003566,2.09249,0.27195
00003567,1.40372,0.12367
00003568,1.37168,0.11484
00003569,0.30213,0.02534
00003570,1.17301,0.20719
00003571,1.19337,0.14161
00003572,1.43761,0.10846
00003573,0.56356,0.03993
00003574,0.60600,0.05344
00003575,0.40903,0.02505
00003576,0.58797,0.04327
00003577,0.29530,0.02270
00003578,0.42082,0.03407
00003579,0.46858,0.03709
00003580,0.81512,0.06639
00003581,0.53851,0.03062
00003582,0.69905,0.04178
00003583,1.18296,0.08342
00003584,1.59683,0.12827
00003585,0.57329,0.04762
00003586,0.44438,0.03660
00003587,0.24005,0.02605
00003588,0.66090,0.04982
00003589,0.82887,0.05954
00003590,0.57645,0.05178
00003591,0.53109,0.03284
00003592,0.99746,0.06567
00003593,1.40663,0.10929
00003594,0.53675,0.03124
00003595,0.80534,0.04726
00003596,1.17801,0.09910
00003597,0.99940,0.08927
00003598,0.40410,0.02765
00003599,1.00417,0.06745
00003600,2.19269,0.24673
00003601,0.54458,0.03860
00003602,1.05895,0.07055
00003603,1.31098,0.14362
00003604,0.72078,0.04345
00003605,0.40921,0.03889
00003606,1.18416,0.14183
00003607,0.63662,0.04069
00003608,0.63987,0.03835
00003609,0.70490,0.04658
00003610,1.57424,0.13976
00003611,0.37877,0.02397
00003612,0.55582,0.04680
00003613,1.70980,0.14989
00003614,0.73095,0.07296
00003615,0.77845,0.05554
00003616,0.63870,0.06381
00003617,1.12178,0.10728
00003618,0.93254,0.06600
00003619,0.44611,0.02495
00003620,0.47586,0.03187
00003621,0.54755,0.03508
00003622,1.20727,0.08734
00003623,1.17659,0.19313
00003624,0.23801,0.02315
00003625,0.65111,0.05524
00003626,0.31827,0.03273
00003627,0.63653,0.03666
00003628,0.64185,0.03525
00003629,0.54704,0.03039
00003630,0.24250,0.02530
00003631,0.35777,0.02336
00003632,0.32383,0.02576
00003633,0.53803,0.03311
00003634,0.25973,0.02209
00003635,0.46079,0.03209
00003636,0.65724,0.04708
00003637,0.63287,0.03788
00003638,0.61328,0.04899
00003639,0.46055,0.02774
00003640,0.80913,0.04661
00003641,0.98862,0.07017
00003642,0.42945,0.11653
00003643,0.72609,0.05189
00003644,1.14453,0.08368
00003645,1.02546,0.08045
00003646,0.36339,0.02503
00003647,1.45335,0.12552
00003648,0.19128,0.02378
00003649,0.29479,0.02625
00003650,0.55277,0.03671
00003651,0.41777,0.03623
00003652,0.40630,0.02359
00003653,0.45831,0.05162
00003654,0.44644,0.02679
00003655,0.53187,0.03024
00003656,0.95806,0.07688
00003657,0.42945,0.02424
00003658,1.28878,0.11404
00003659,0.45507,0.02844
00003660,2.68910,0.35983
00003661,0.63616,0.37980
00003662,0.26593,0.02391
00003663,0.42375,0.03119
00003664,0.36803,0.03002
00003665,0.88997,0.23147
00003666,0.45373,0.03264
00003667,0.91928,0.09198
00003668,1.42255,0.12585
00003669,0.36886,0.03045
00003670,0.51069,0.03676
00003671,0.33238,0.02956
00003672,0.20398,0.02075
00003673,2.05503,0.21118
00003674,0.40620,0.03229
00003675,0.65661,0.03967
00003676,0.56889,0.02991
00003677,1.03950,0.08132
00003678,0.80498,0.04746
00003679,0.48611,0.03274
00003680,0.98388,0.18318
00003681,1.03490,0.06578
00003682,0.64130,0.03732
00003683,0.40905,0.02454
00003684,1.27754,0.17214
00003685,0.37905,0.02732
00003686,0.34891,0.02680
00003687,0.62263,0.03316
00003688,1.27356,0.09609
00003689,0.47777,0.03005
00003690,0.22272,0.02211
00003691,0.29388,0.02199
00003692,0.39286,0.02918
00003693,0.35182,0.03589
00003694,0.54426,0.03761
00003695,1.66638,0.15624
00003696,1.45867,0.13095
00003697,0.61364,0.03621
00003698,0.90356,0.07890
00003699,0.86775,0.05849
00003700,2.48588,0.38477
00003701,0.34522,0.02623
00003702,0.61420,0.04399
00003703,0.36613,0.02884
00003704,0.19367,0.02010
00003705,0.23872,0.04242
00003706,0.39665,0.02510
00003707,2.54500,0.25146
00003709,1.00835,0.06499
00003710,1.10298,0.10946
00003711,2.45995,0.30747
00003712,1.89546,0.22236
00003713,0.28163,0.02085
00003714,0.46787,0.03884
00003715,0.66699,0.05055
00003716,0.55993,0.03916
00003717,0.29253,0.03039
00003718,0.64017,0.04432
00003719,0.89233,0.07703
00003720,0.47533,0.03205
00003721,0.61641,0.03441
00003722,0.45792,0.03512
00003723,0.23626,0.03058
00003724,2.75323,0.32935
00003725,0.89343,0.05776
00003726,1.06798,0.06894
00003727,0.56660,0.03876
00003728,0.20058,0.01970
00003729,0.50392,0.03425
00003730,0.51432,0.03174
00003731,0.87353,0.10271
00003732,1.00139,0.06379
00003733,0.59016,0.04316
00003734,0.45892,0.02827
00003735,0.69494,0.04926
00003736,0.82405,0.06796
00003737,0.78423,0.05563
00003738,0.21004,0.02051
00003739,0.30716,0.02399
00003740,1.07977,0.12032
00003741,0.52421,0.02701
00003742,0.65343,0.04091
00003743,0.73353,0.04136
00003744,0.47481,0.02802
00003745,0.80449,0.07110
00003746,1.12846,0.09725
00003747,0.35698,0.02935
00003748,1.02194,0.07427
00003749,0.45407,0.03741
00003750,0.31277,0.02699
00003751,0.42396,0.02429
00003752,0.84158,0.10520
00003753,1.85620,0.24225
00003754,0.39604,0.02545
00003755,0.35343,0.03052
00003756,1.20972,0.11896
00003757,0.31994,0.02454
00003758,0.75193,0.05864
00003760,0.72807,0.06531
00003761,0.82544,0.07330
00003762,0.96659,0.08295
00003763,0.62572,0.04394
00003764,0.48306,0.03147
00003765,0.47778,0.04010
00003766,0.58820,0.04184
00003767,0.53188,0.02935
00003768,0.46987,0.03220
00003769,0.90985,0.07607
00003770,0.67153,0.03997
00003771,0.29046,0.02245
00003772,0.56353,0.03438
00003773,1.97772,0.18501
00003774,0.54311,0.04370
00003775,1.43995,0.15362
00003776,1.16751,0.09558
00003777,0.37671,0.02710
00003778,0.62093,0.04714
00003779,0.43882,0.03048
00003780,0.36716,0.03233
00003781,1.60351,0.12730
00003782,0.56411,0.03517
00003783,0.85406,0.05409
00003784,1.28322,0.15574
00003785,0.59813,0.02950
00003786,0.52065,0.03557
00003787,1.20011,0.08208
00003788,0.66443,0.06848
00003789,0.42015,0.03474
00003790,1.37283,0.12310
00003791,0.40135,0.03265
00003792,0.45044,0.03090
00003793,0.36057,0.02671
00003794,0.57395,0.03650
00003795,0.38571,0.02482
00003796,0.59943,0.03954
00003797,0.41037,0.04489
00003798,0.39315,0.02693
00003799,0.33564,0.02572
00003800,0.68670,0.09282
00003801,0.83000,0.06335
00003802,0.24225,0.02169
00003803,0.25701,0.05854
00003804,0.77774,0.04804
00003805,0.50383,0.03416
00003806,0.30986,0.02228
00003807,0.46556,0.02549
00003808,0.52418,0.03079
00003809,1.54296,0.18331
00003810,0.42257,0.02383
00003811,0.57228,0.03700
00003812,1.42195,0.13307
00003813,2.47294,0.26854
00003814,0.47632,0.02962
00003815,1.09293,0.08009
00003816,0.47163,0.03905
00003817,1.73134,0.15226
00003818,1.03750,0.06697
00003819,1.08542,0.08355
00003820,1.65633,0.12715
00003821,0.60885,0.04412
00003822,0.57523,0.04813
00003823,0.95405,0.08109
00003824,0.67131,0.03561
00003825,0.41619,0.02907
00003826,0.49232,0.03006
00003827,0.49245,0.02597
00003828,0.75298,0.04705
00003829,1.04625,0.07982
00003830,1.19385,0.09169
00003831,0.25369,0.02301
00003832,0.78712,0.04258
00003833,0.64433,0.03555
00003834,0.92990,0.06131
00003835,0.23676,0.02594
00003836,0.82087,0.06463
00003837,0.35643,0.03078
00003838,1.28139,0.13761
00003839,0.31627,0.02880
00003840,0.29607,0.02556
00003841,0.45954,0.02580
00003842,0.50730,0.03539
00003843,1.14389,0.08846
00003844,0.50993,0.03408
00003845,1.07106,0.11961
00003846,0.47829,0.02629
00003847,0.53586,0.04118
00003848,1.00672,0.07180
00003849,0.59105,0.04575
00003850,0.36979,0.02610
00003851,0.53554,0.03381
00003852,0.57004,0.04179
00003853,0.27485,0.03333
00003854,0.71662,0.07675
00003855,1.83463,0.19604
00003856,0.69300,0.04692
00003857,1.19652,0.08913
00003858,1.28056,0.10247
00003859,0.83660,0.07036
00003860,0.43778,0.03816
00003861,0.41703,0.02956
00003862,0.55196,0.03856
00003863,0.96444,0.05815
00003864,0.25425,0.02314
00003865,0.58561,0.02886
00003866,1.24164,0.15207
00003867,0.27814,0.02427
00003868,0.21048,0.02467
00003869,0.65461,0.03879
00003870,1.89437,0.15617
00003871,1.01670,0.16843
00003872,0.48183,0.03047
00003873,1.02635,0.08774
00003874,0.35160,0.02608
00003875,1.53679,0.14184
00003876,0.36669,0.02293
00003877,0.78749,0.09689
00003878,0.54293,0.02984
00003879,1.03386,0.07981
00003880,1.77608,0.25797
00003881,0.30886,0.02283
00003882,1.68332,0.14302
00003883,0.71140,0.03820
00003884,0.34449,0.02240
00003885,1.24034,0.13089
00003886,0.97962,0.05871
00003887,0.32488,0.02149
00003888,0.84248,0.04929
00003889,0.32061,0.03219
00003890,0.57731,0.03301
00003891,2.10221,0.20922
00003892,0.48321,0.03649
00003893,0.90298,0.07119
00003894,0.90041,0.05908
00003895,0.77212,0.04633
00003896,1.04073,0.07471
00003897,1.34703,0.11618
00003898,0.43969,0.02964
00003899,0.75896,0.06080
00003900,0.80790,0.05361
00003901,0.45728,0.03190
00003902,0.99722,0.06859
00003903,0.53400,0.03174
00003904,0.69962,0.03927
00003905,0.21434,0.02163
00003906,0.92988,0.06761
00003907,0.65276,0.04691
00003908,1.12598,0.07751
00003909,0.85824,0.07142
00003910,2.00816,0.27794
00003911,1.03739,0.07784
00003912,0.66504,0.03673
00003913,0.42348,0.03504
00003914,0.83336,0.04822
00003915,0.77727,0.04673
00003916,0.57448,0.04309
00003917,0.39390,0.03093
00003918,0.25220,0.02498
00003919,0.80074,0.05139
00003920,2.12402,0.22011
00003921,1.21145,0.08731
00003922,0.26467,0.03030
00003923,1.20231,0.11406
00003924,0.52860,0.03825
00003925,1.77723,0.16124
00003926,0.65262,0.04160
00003927,0.42900,0.03594
00003928,0.83444,0.07781
00003929,1.06765,0.08363
00003930,0.95519,0.07325
00003931,0.69439,0.04045
00003932,0.89245,0.05508
00003933,1.20571,0.10991
00003934,0.57096,0.04240
00003935,0.52767,0.03408
00003936,0.40819,0.02806
00003937,0.31712,0.02382
00003938,0.83440,0.06174
00003939,0.55420,0.03275
00003940,0.29260,0.02974
00003941,0.39552,0.03385
00003942,1.70205,0.16596
00003943,1.96104,0.28620
00003944,0.28746,0.02561
00003945,1.09658,0.07650
00003946,0.85162,0.06505
00003947,0.51330,0.03365
00003948,0.74828,0.04766
00003949,0.43465,0.03724
00003950,0.19988,0.02470
00003951,2.69523,0.33989
00003952,0.60000,0.03313
00003953,2.14352,0.19757
00003954,1.63291,0.15924
00003955,0.54960,0.04012
00003956,0.33856,0.02753
00003957,1.50906,0.12140
00003958,0.72451,0.05448
00003959,0.17462,0.01870
00003960,0.41023,0.02648
00003961,0.18632,0.02098
00003962,1.09838,0.09709
00003963,1.50631,0.14017
00003964,0.72007,0.04811
00003965,0.29567,0.03793
00003966,0.46799,0.02901
00003967,0.64891,0.28113
00003968,0.34534,0.02354
00003969,1.35287,0.10268
00003970,1.15645,0.10029
00003971,0.96938,0.06262
00003972,0.45567,0.02638
00003973,0.73552,0.04747
00003974,0.47078,0.02589
00003975,1.40536,0.11286
00003976,0.93826,0.06143
00003977,0.76930,0.07340
00003978,1.23410,0.15354
00003979,0.49601,0.03018
00003980,1.38557,0.11038
00003981,0.70131,0.05764
00003982,0.49929,0.03569
00003983,0.54596,0.03144
00003984,0.25867,0.02117
00003985,0.51912,0.04899
00003986,0.18316,0.01939
00003987,0.63852,0.04745
00003988,0.50521,0.03619
00003989,1.04170,0.07851
00003990,0.47384,0.02991
00003991,0.76216,0.04806
00003992,0.49517,0.02965
00003993,1.03519,0.10045
00003994,0.70439,0.04856
00003995,0.66693,0.04790
00003996,0.24718,0.02377
00003997,0.40812,0.02451
00003998,1.01419,0.09810
00003999,0.88074,0.06965
00004000,0.97925,0.07166
00004001,0.81313,0.05375
00004002,0.53880,0.03183
00004003,0.79431,0.05748
00004004,0.79583,0.05888
00004005,0.94405,0.07765
00004006,0.43370,0.03338
00004007,1.48819,0.12191
00004008,0.66173,0.04991
00004009,0.26602,0.02325
00004010,0.22311,0.03040
00004011,0.56023,0.03373
00004012,0.26752,0.05216
00004013,0.64188,0.04277
00004014,1.13014,0.13174
00004015,0.64426,0.08371
00004016,0.94762,0.10920
00004017,0.65842,0.04169
00004018,0.92755,0.07786
00004019,0.72022,0.05382
00004020,0.50277,0.02792
00004021,0.45620,0.02621
00004022,0.60867,0.03159
00004023,0.94109,0.08478
00004024,0.91953,0.06179
00004025,0.38647,0.03025
00004026,0.37924,0.03040
00004027,0.36581,0.04059
00004028,0.60089,0.03760
00004029,0.95064,0.05835
00004030,0.84990,0.07945
00004031,0.46714,0.03315
00004032,0.38819,0.02647
00004033,1.48044,0.14008
00004034,1.20542,0.08879
00004035,0.43162,0.03851
00004036,0.46595,0.03935
00004037,0.68678,0.03567
00004038,0.94813,0.06321
00004039,0.55525,0.03151
00004040,0.66443,0.04167
00004041,0.74167,0.06784
00004042,0.48970,0.02768
00004043,0.19474,0.02049
00004044,2.06897,0.18772
00004045,1.13810,0.07945
00004046,1.04558,0.07142
00004047,0.43160,0.02677
00004048,0.45365,0.02944
00004049,0.40285,0.02636
00004050,0.47338,0.02713
00004051,1.30632,0.10589
00004052,0.94127,0.06346
00004053,0.59059,0.03846
00004054,0.84024,0.06317
00004055,0.45687,0.02873
00004056,0.99266,0.11868
00004057,0.72364,0.04740
00004058,0.27796,0.02288
00004059,0.19474,0.02002
00004060,0.49340,0.03044
00004061,0.59273,0.03327
00004062,1.23153,0.10035
00004063,1.97079,0.22250
00004064,0.47495,0.03087
00004065,1.77657,0.20523
00004066,0.34109,0.02447
00004067,0.92281,0.07095
00004068,0.25263,0.03400
00004069,3.11715,0.32211
00004070,0.48839,0.02857
00004071,2.50005,0.26249
00004072,0.83001,0.05898
00004073,0.73456,0.04206
00004074,1.39325,0.14728
00004075,0.58740,0.03765
00004076,2.35194,0.27936
00004077,0.24844,0.02177
00004078,0.51521,0.03316
00004079,1.43228,0.11655
00004080,0.20054,0.02159
00004081,0.22465,0.02369
00004082,0.61594,0.03791
00004083,0.57850,0.03720
00004084,0.23339,0.02339
00004085,1.48251,0.11923
00004086,0.73112,0.04568
00004087,0.86701,0.05843
00004088,0.20619,0.02458
00004089,0.36604,0.02533
00004090,0.52959,0.03682
00004091,0.27868,0.02781
00004092,0.59292,0.03147
00004093,0.46609,0.02693
00004094,1.60061,0.14143
00004095,0.35735,0.02692
00004096,1.58980,0.17783
00004097,1.18171,0.13091
00004098,1.36072,0.13554
00004099,1.34668,0.19705
00004100,0.48107,0.02531
00004101,0.77958,0.04450
00004102,1.90830,0.19937
00004103,0.88184,0.07429
00004104,0.75986,0.07277
00004105,0.79561,0.05663
00004106,2.06955,0.17888
00004107,0.99627,0.06764
00004108,0.29245,0.02238
00004109,0.25737,0.02726
00004110,0.45961,0.02910
00004111,0.83519,0.05380
00004112,1.42205,0.14017
00004113,0.33949,0.04341
00004114,0.31511,0.02629
00004115,0.60285,0.03107
00004116,0.46751,0.02815
00004117,0.48624,0.03618
00004118,1.09389,0.07275
00004119,1.05015,0.06539
00004120,0.54987,0.03265
00004121,0.66059,0.04164
00004122,0.95043,0.06532
00004123,0.31609,0.02492
00004124,0.58530,0.03713
00004125,0.43727,0.03548
00004126,2.05968,0.24315
00004127,0.49953,0.03423
00004128,0.52569,0.03520
00004129,0.41429,0.03699
00004130,0.31988,0.02326
00004131,0.36659,0.02301
00004132,0.61668,0.04720
00004133,1.89252,0.21072
00004134,0.42024,0.02431
00004135,0.34476,0.03253
00004136,0.62197,0.03653
00004137,0.72565,0.05300
00004138,1.23601,0.09664
00004139,2.24298,0.24329
00004140,0.50942,0.03089
00004141,0.39101,0.05401
00004142,0.57776,0.03069
00004143,0.82102,0.05230
00004144,1.11306,0.10426
00004145,0.41130,0.03263
00004146,0.29682,0.02757
00004147,0.40883,0.03313
00004148,0.64300,0.06029
00004149,0.42232,0.03765
00004150,1.26204,0.10684
00004151,1.01065,0.07716
00004152,0.37631,0.03706
00004153,0.66966,0.04071
00004154,1.23392,0.12543
00004155,0.63143,0.03714
00004156,0.23576,0.02289
00004157,0.94905,0.06226
00004158,1.72933,0.15876
00004159,0.73243,0.04795
00004160,0.81638,0.05048
00004161,0.73604,0.04391
00004162,0.87622,0.07441
00004163,0.57816,0.04379
00004164,0.35944,0.03342
00004165,2.07673,0.17669
00004166,0.57181,0.04234
00004167,0.45223,0.02856
00004168,3.09478,0.37149
00004169,0.44912,0.03121
00004170,1.44341,0.14884
00004171,0.69749,0.06020
00004172,0.61604,0.04744
00004173,0.38704,0.03813
00004174,0.25772,0.02296
00004175,0.45403,0.02893
00004176,0.27164,0.02566
00004177,0.86398,0.16247
00004178,0.24549,0.02172
00004179,0.70858,0.04447
00004180,0.71685,0.04898
00004181,0.21424,0.04036
00004182,1.01939,0.08022
00004183,1.16736,0.07982
00004184,0.23887,0.02121
00004185,0.88468,0.07933
00004186,0.75221,0.04218
00004187,0.97903,0.06048
00004188,0.37296,0.02864
00004189,0.33636,0.03470
00004190,0.55209,0.03601
00004191,0.45117,0.02675
00004192,0.35484,0.02788
00004193,0.39175,0.02277
00004194,0.75993,0.06651
00004195,0.59862,0.03768
00004196,0.69275,0.03963
00004197,0.45468,0.02346
00004198,1.44485,0.11310
00004199,0.50167,0.03206
00004200,0.42382,0.03102
00004201,0.44798,0.04255
00004202,0.47878,0.05036
00004203,0.37159,0.03022
00004204,0.46255,0.02728
00004205,1.53197,0.18557
00004206,1.28316,0.10334
00004207,0.56024,0.04589
00004208,0.51788,0.02738
00004209,0.32352,0.03093
00004210,0.71517,0.05410
00004211,1.25961,0.09698
00004212,0.62721,0.04131
00004213,0.37204,0.02875
00004214,0.57877,0.03103
00004215,1.00826,0.09539
00004216,1.15837,0.09006
00004217,0.23738,0.02630
00004218,0.45550,0.04505
00004219,1.45972,0.13600
00004220,0.26544,0.02297
00004221,0.68773,0.04023
00004222,0.62567,0.03564
00004223,0.54295,0.03512
00004224,1.61404,0.16389
00004225,1.96056,0.17891
00004226,0.79550,0.04780
00004227,1.69788,0.14437
00004228,0.47740,0.04972
00004229,0.76400,0.06894
00004230,0.85828,0.05495
00004231,0.54323,0.03027
00004232,0.63750,0.03927
00004233,0.39826,0.03090
00004234,0.63470,0.04597
00004235,0.71538,0.04172
00004236,0.55418,0.03782
00004237,0.55217,0.04096
00004238,2.57317,0.24892
00004239,0.93991,0.05868
00004240,0.23754,0.02169
00004241,0.55613,0.03904
00004242,0.64360,0.04612
00004243,0.68217,0.05163
00004244,0.77907,0.04681
00004245,2.00207,0.24777
00004246,0.81492,0.07159
00004247,1.30551,0.10647
00004248,1.44369,0.11972
00004249,0.60177,0.02969
00004250,0.62085,0.03849
00004251,0.48359,0.03262
00004252,1.66709,0.19891
00004253,2.49345,0.23380
00004254,1.83795,0.23415
00004255,0.44405,0.03296
00004256,0.22452,0.02322
00004257,1.73936,0.17821
00004258,1.66244,0.13380
00004259,1.29157,0.10828
00004260,0.26395,0.02055
00004261,0.46308,0.02885
00004262,0.91717,0.06807
00004263,1.32109,0.10927
00004264,0.49311,0.03165
00004265,0.35772,0.02218
00004266,0.69587,0.04965
00004267,0.73424,0.05167
00004268,0.56769,0.03207
00004269,0.33554,0.02935
00004270,0.33245,0.02127
00004271,1.69100,0.16265
00004272,0.34664,0.03138
00004273,0.88739,0.05622
00004274,0.48699,0.03904
00004275,0.67972,0.04307
00004276,0.62545,0.03966
00004277,1.34809,0.10274
00004278,0.96494,0.08778
00004279,0.23929,0.02241
00004280,0.70691,0.05987
00004281,0.25924,0.03288
00004282,1.07719,0.07443
00004283,1.14764,0.11760
00004284,0.68526,0.04494
00004285,0.24048,0.02333
00004286,0.41547,0.02422
00004287,0.51321,0.03378
00004288,0.76108,0.04631
00004289,0.82505,0.05565
00004290,0.39235,0.03125
00004291,0.87252,0.06226
00004292,1.46638,0.13669
00004293,1.57351,0.13573
00004294,0.33927,0.02455
00004295,0.74962,0.04537
00004296,2.59510,0.26790
00004297,0.43101,0.03283
00004298,0.21998,0.02296
00004299,2.34393,0.25992
00004300,0.46672,0.04376
00004301,0.72844,0.04308
00004302,0.46004,0.02679
00004303,0.32288,0.02347
00004304,0.52898,0.02865
00004305,0.30361,0.02444
00004306,0.69311,0.04259
00004307,0.41726,0.02478
00004308,0.24949,0.02716
00004309,0.28491,0.03010
00004310,0.51176,0.03487
00004311,0.71072,0.03982
00004312,1.30417,0.11254
00004313,0.72075,0.04385
00004314,0.39551,0.02792
00004315,0.91743,0.06587
00004316,0.90259,0.06240
00004317,0.82747,0.07564
00004318,0.51348,0.02659
00004319,0.91541,0.06098
00004320,0.37962,0.02578
00004321,0.81164,0.06781
00004322,0.38404,0.02413
00004323,0.71085,0.04188
00004324,0.65327,0.04333
00004325,1.11983,0.15374
00004326,2.11134,0.25160
00004327,2.58758,0.36595
00004328,1.76008,0.14589
00004329,2.98367,0.33037
00004330,2.91381,0.31054
00004331,0.39227,0.02256
00004332,0.18407,0.01907
00004333,0.49657,0.03270
00004334,0.76458,0.04732
00004335,0.27380,0.02516
00004336,0.43284,0.03167
00004337,1.13924,0.09505
00004338,0.85348,0.07535
00004339,1.27704,0.14450
00004340,0.39269,0.02775
00004341,0.77747,0.05142
00004342,0.63598,0.03638
00004343,0.89313,0.05398
00004344,0.29544,0.02216
00004345,0.20605,0.02348
00004346,0.81498,0.05170
00004347,0.37469,0.02382
00004348,2.13152,0.21008
00004349,0.64839,0.04356
00004350,1.29167,0.10092
00004351,0.52269,0.02770
00004352,0.58330,0.03568
00004353,0.84953,0.07115
00004354,0.74481,0.04876
00004355,2.09763,0.21397
00004356,1.35427,0.11066
00004357,1.89777,0.17745
00004358,0.58994,0.03062
00004359,1.58653,0.14820
00004360,1.02626,0.07813
00004361,0.50631,0.04832
00004362,1.17605,0.09181
00004363,0.84490,0.05491
00004364,1.52554,0.18585
00004365,1.25598,0.11901
00004366,0.41391,0.02926
00004367,0.46345,0.02742
00004368,0.54916,0.03951
00004369,0.58467,0.03720
00004370,0.76796,0.05332
00004371,0.44202,0.03243
00004372,0.82352,0.05904
00004373,0.91293,0.07118
00004374,0.66949,0.04089
00004375,1.18157,0.08901
00004376,0.19569,0.02361
00004377,0.77580,0.05543
00004378,0.67645,0.04374
00004379,0.72618,0.04512
00004380,0.55448,0.02794
00004381,0.94348,0.10199
00004382,0.67694,0.05893
00004383,0.60621,0.04594
00004384,0.29532,0.02686
00004385,0.34547,0.02928
00004386,0.78265,0.05851
00004387,0.34092,0.02605
00004388,2.22359,0.25786
00004389,0.24486,0.01995
00004390,0.94857,0.07621
00004391,0.51224,0.03293
00004392,0.30209,0.02369
00004393,0.19092,0.01944
00004394,0.34500,0.02921
00004395,0.27260,0.02276
00004396,0.64031,0.03810
00004397,0.47477,0.02904
00004398,0.17520,0.02073
00004399,0.89238,0.10561
00004400,0.20966,0.02298
00004401,0.33449,0.02485
00004402,0.62933,0.07075
00004403,0.55677,0.03305
00004404,1.03899,0.06770
00004405,0.17830,0.01861
00004406,0.54183,0.13309
00004407,1.70038,0.15401
00004408,0.85963,0.06736
00004409,0.36231,0.02274
00004410,0.47921,0.03431
00004411,0.35580,0.03618
00004412,0.52992,0.03510
00004413,0.45372,0.02535
00004414,0.27873,0.02268
00004415,0.52335,0.03756
00004416,0.85235,0.07718
00004417,0.93260,0.13043
00004418,0.63182,0.03809
00004419,0.88140,0.05799
00004420,1.73794,0.14681
00004421,0.30263,0.02826
00004422,0.56874,0.05721
00004423,0.38515,0.02167
00004424,0.29712,0.02864
00004425,0.59656,0.03775
00004426,0.34873,0.02716
00004427,1.12421,0.07971
00004428,1.30338,0.12740
00004429,2.13032,0.21494
00004430,1.08362,0.08548
00004432,0.95903,0.07570
00004433,0.50015,0.03213
00004434,0.82563,0.05639
00004435,0.72389,0.05073
00004436,0.51563,0.03423
00004437,1.49154,0.13098
00004438,2.38201,0.25434
00004439,0.37612,0.02270
00004440,0.65948,0.03906
00004441,0.52657,0.02784
00004442,0.71362,0.03728
00004443,0.36853,0.02425
00004444,1.41981,0.10776
00004445,0.56677,0.06270
00004446,0.53441,0.03194
00004447,0.50398,0.03616
00004448,0.65034,0.03855
00004449,0.74312,0.04338
00004450,0.79809,0.05322
00004451,1.69363,0.30503
00004452,1.52290,0.14486
00004453,2.72887,0.32497
00004454,0.58326,0.03583
00004455,0.95664,0.09197
00004456,0.42472,0.03095
00004457,0.18159,0.01854
00004458,0.40349,0.02593
00004459,1.34105,0.12637
00004460,0.31452,0.02351
00004461,0.35307,0.02880
00004462,0.66116,0.05885
00004463,0.65910,0.04601
00004464,0.73944,0.05518
00004465,0.43577,0.04896
00004466,0.20460,0.02125
00004467,0.38667,0.02392
00004468,0.28670,0.02549
00004469,0.83478,0.11392
00004470,0.53881,0.05819
00004471,0.65150,0.04384
00004472,0.77814,0.05518
00004473,1.01211,0.06660
00004474,0.58426,0.04158
00004475,0.37458,0.02539
00004476,1.14170,0.10738
00004477,1.30183,0.12201
00004478,0.28569,0.02651
00004479,1.91241,0.16934
00004480,0.52003,0.05640
00004481,0.27992,0.03452
00004482,0.93595,0.08176
00004483,0.91396,0.08500
00004484,2.38776,0.22388
00004485,1.19543,0.14098
00004486,0.32708,0.02100
00004487,0.32153,0.02920
00004488,2.05327,0.23959
00004489,0.51477,0.03655
00004490,0.26197,0.02572
00004491,2.27357,0.21212
00004492,0.88512,0.05771
00004493,0.66387,0.04441
00004494,1.21917,0.09053
00004495,1.32599,0.12040
00004496,0.30272,0.03104
00004497,0.43757,0.02583
00004498,0.34080,0.03159
00004499,0.29068,0.03114
00004500,0.81462,0.04834
00004501,0.62901,0.03532
00004502,0.50836,0.03053
00004503,1.38748,0.13763
00004504,0.84574,0.06614
00004505,0.25285,0.03013
00004506,0.29428,0.02483
00004507,0.35826,0.02342
00004508,0.72216,0.09937
00004509,0.36334,0.02524
00004510,1.17007,0.08747
00004511,1.57181,0.13137
00004512,0.34000,0.02554
00004513,0.48247,0.03852
00004514,1.19311,0.08120
00004515,0.67457,0.04509
00004516,1.09982,0.07378
00004517,0.33770,0.02552
00004518,2.14314,0.22215
00004519,0.87230,0.05569
00004520,0.46615,0.02614
00004521,1.01678,0.11515
00004522,0.36244,0.02566
00004523,0.79878,0.05026
00004524,0.77982,0.05379
00004525,0.96502,0.07948
00004526,0.67532,0.04696
00004527,0.68760,0.04689
00004528,0.91636,0.08486
00004529,0.54501,0.02773
00004530,0.85595,0.06868
00004531,0.43680,0.02475
00004532,0.52557,0.03639
00004533,0.43375,0.05467
00004534,0.26297,0.02258
00004535,1.15911,0.16715
00004536,1.34330,0.11886
00004537,0.30895,0.02291
00004538,1.02863,0.07170
00004539,1.30552,0.11043
00004540,2.17162,0.22613
00004541,0.52498,0.03129
00004542,0.26475,0.02867
00004543,1.25505,0.09898
00004544,0.52154,0.02838
00004545,0.70542,0.04060
00004546,0.89124,0.06051
00004547,1.38083,0.13334
00004548,0.44573,0.02455
00004549,0.58355,0.03135
00004550,1.01857,0.06255
00004551,1.20414,0.11485
00004552,0.45697,0.02456
00004553,0.40743,0.03019
00004554,0.43366,0.03301
00004555,0.49990,0.03102
00004556,1.41899,0.13557
00004557,0.41757,0.02718
00004558,0.64705,0.04128
00004559,0.54820,0.03208
00004560,0.87421,0.06535
00004561,0.75335,0.04127
00004562,0.98559,0.06794
00004563,0.99810,0.07303
00004564,0.62189,0.04061
00004565,0.95493,0.07368
00004566,0.53298,0.05553
00004567,2.21390,0.26865
00004568,0.35041,0.02623
00004569,0.32964,0.02403
00004570,2.38161,0.25935
00004571,0.61169,0.03813
00004572,0.28518,0.02835
00004573,0.43037,0.03689
00004574,0.68034,0.04435
00004575,0.60138,0.03668
00004576,0.98844,0.06647
00004577,0.58735,0.04399
00004578,2.07169,0.21031
00004579,0.79901,0.04858
00004580,0.50329,0.03089
00004581,0.97839,0.07667
00004582,1.34971,0.10714
00004583,2.65045,0.34743
00004584,0.51483,0.03043
00004585,0.86683,0.05745
00004586,0.52407,0.03222
00004587,2.77994,0.27560
00004588,0.70788,0.04004
00004589,1.24312,0.09960
00004590,0.30537,0.02328
00004591,0.46156,0.02624
00004592,1.98071,0.19706
00004593,0.21570,0.02183
00004594,1.34752,0.13739
00004595,0.80313,0.06695
00004596,0.32503,0.02471
00004597,0.61410,0.04537
00004598,0.24185,0.02798
00004599,0.51327,0.04348
00004600,0.86630,0.07631
00004601,0.48134,0.03648
00004602,0.63107,0.04901
00004603,1.25443,0.10186
00004604,1.11878,0.15568
00004605,0.80103,0.07959
00004606,0.61613,0.03081
00004607,1.16323,0.07828
00004608,0.34028,0.03054
00004609,0.77952,0.07939
00004610,0.64357,0.03695
00004611,0.72896,0.06676
00004612,0.64856,0.03285
00004613,0.84427,0.06412
00004614,0.52430,0.03032
00004615,1.32124,0.12092
00004616,0.64654,0.03796
00004617,3.07858,0.32759
00004618,0.54831,0.03884
00004619,0.30450,0.03073
00004620,0.27823,0.01996
00004621,1.02412,0.07604
00004622,0.80361,0.08337
00004623,0.83765,0.05545
00004624,2.24626,0.25486
00004625,0.45811,0.03601
00004626,0.61419,0.04042
00004627,0.35465,0.03080
00004628,0.58894,0.03366
00004629,0.58816,0.04016
00004630,0.24705,0.02224
00004631,0.77842,0.05827
00004632,0.67156,0.04904
00004633,0.93088,0.06228
00004634,0.42113,0.02642
00004635,0.27520,0.02393
00004636,0.78876,0.04732
00004637,0.55434,0.03248
00004638,0.63486,0.03759
00004639,0.74549,0.05424
00004640,0.51891,0.02887
00004641,0.65166,0.03906
00004642,0.68507,0.05336
00004643,0.80941,0.07676
00004644,0.23720,0.02064
00004645,0.30310,0.02472
00004646,0.67514,0.04057
00004648,0.55775,0.03264
00004649,0.63681,0.03710
00004650,1.45088,0.12956
00004651,0.22264,0.02147
00004652,0.56925,0.03719
00004653,0.50386,0.02864
00004654,1.35920,0.12116
00004655,0.64092,0.04518
00004656,0.41136,0.03427
00004657,0.75033,0.05522
00004658,1.53690,0.11470
00004659,0.39018,0.02718
00004660,0.63779,0.04540
00004661,0.38023,0.03980
00004662,0.26943,0.02468
00004663,0.44870,0.02992
00004664,0.71416,0.04107
00004665,0.47164,0.02888
00004666,0.46165,0.02967
00004667,0.90910,0.08410
00004668,0.60797,0.03984
00004669,0.47177,0.02359
00004670,0.36762,0.02461
00004671,0.22572,0.05372
00004672,0.82162,0.05976
00004673,0.87846,0.05895
00004674,0.88290,0.08745
00004675,0.50952,0.03160
00004676,0.58902,0.04697
00004677,0.91975,0.09740
00004678,0.32961,0.02822
00004679,0.61934,0.04753
00004680,0.45078,0.02811
00004681,0.81402,0.05729
00004682,0.29240,0.02584
00004683,0.83539,0.06091
00004684,0.91004,0.07428
00004685,1.51359,0.15802
00004686,0.35830,0.03020
00004687,0.90958,0.05935
00004688,0.49396,0.02599
00004689,1.50321,0.14759
00004690,0.32999,0.02232
00004691,1.31286,0.10399
00004692,0.24413,0.02302
00004693,0.33424,0.02594
00004694,0.45483,0.02506
00004695,0.55737,0.03108
00004696,0.91500,0.06589
00004697,0.46095,0.02779
00004698,0.31220,0.02282
00004699,0.43128,0.04269
00004700,0.38487,0.04406
00004701,0.45000,0.03184
00004702,0.47553,0.03005
00004703,0.33187,0.02547
00004704,0.22994,0.02271
00004705,1.51405,0.11989
00004706,0.76910,0.05121
00004707,1.27569,0.09857
00004708,0.72228,0.04672
00004709,1.72580,0.17757
00004710,1.00379,0.07821
00004711,0.29062,0.12389
00004712,0.68687,0.04020
00004713,0.26526,0.02609
00004714,0.47721,0.04249
00004715,0.90525,0.08147
00004716,0.25874,0.02432
00004717,0.52062,0.03291
00004718,0.66722,0.03848
00004719,0.79049,0.05228
00004720,0.90980,0.06494
00004721,0.58256,0.03426
00004722,0.44295,0.17598
00004723,0.38922,0.03171
00004724,0.71863,0.06025
00004725,0.44101,0.03385
00004726,0.38514,0.02261
00004727,0.86842,0.05489
00004728,1.12519,0.07458
00004729,1.06870,0.10077
00004730,0.74451,0.04418
00004731,0.20310,0.02736
00004732,0.43897,0.03724
00004733,0.33559,0.02965
00004734,0.52862,0.02975
00004735,0.56828,0.03940
00004736,0.71276,0.04107
00004737,0.79938,0.05498
00004738,0.68266,0.04155
00004739,1.50581,0.11984
00004740,0.77495,0.04994
00004741,0.79176,0.06875
00004742,0.46092,0.03740
00004743,0.31956,0.03234
00004744,0.62257,0.03524
00004745,0.33740,0.02585
00004746,0.60660,0.06810
00004747,0.70614,0.04618
00004748,0.81786,0.05801
00004749,0.41878,0.02394
00004750,0.28779,0.03394
00004751,0.27015,0.04611
00004752,0.51482,0.03502
00004753,1.91341,0.23528
00004754,0.81135,0.05207
00004755,1.52634,0.13023
00004756,0.81333,0.04843
00004757,1.28973,0.11849
00004758,0.80349,0.04661
00004759,0.83419,0.05219
00004760,0.93239,0.07482
00004761,1.41937,0.13554
00004762,0.46336,0.02749
00004763,0.35345,0.03021
00004764,0.63489,0.04355
00004765,2.09086,0.20686
00004766,0.79783,0.04875
00004767,0.27257,0.02302
00004768,0.43452,0.03109
00004769,0.46673,0.03760
00004770,1.65613,0.13155
00004771,0.39204,0.02769
00004772,0.36312,0.02997
00004773,0.54144,0.04030
00004774,1.14728,0.08402
00004775,0.40679,0.02192
00004776,0.71144,0.05194
00004777,0.24802,0.02465
00004778,0.49194,0.02997
00004779,0.35192,0.02468
00004780,0.55709,0.04412
00004781,0.72489,0.05232
00004782,0.69139,0.37545
00004783,0.59330,0.03352
00004784,0.40132,0.03143
00004785,0.42136,0.02554
00004786,0.38029,0.02520
00004787,0.44650,0.03740
00004788,0.48033,0.03822
00004789,0.45885,0.03107
00004790,0.31882,0.02499
00004791,0.83275,0.05088
00004792,0.67518,0.04098
00004793,0.46475,0.03127
00004794,0.44656,0.03125
00004795,1.11835,0.08303
00004796,0.51613,0.03292
00004797,0.94618,0.05855
00004798,0.91201,0.06385
00004799,0.80088,0.05714
00004800,0.56666,0.04651
00004801,1.18295,0.24404
00004802,0.26243,0.03098
00004803,0.21868,0.02309
00004804,0.51680,0.03258
00004805,1.13950,0.08341
00004806,0.51186,0.03173
00004807,1.66147,0.12986
00004808,0.97352,0.10700
00004809,1.32143,0.09380
00004810,1.53155,0.13626
00004811,0.63549,0.03507
00004812,0.36267,0.03873
00004813,0.77048,0.05075
00004814,1.11893,0.08566
00004815,0.61565,0.02972
00004816,0.59974,0.04148
00004817,0.58245,0.03172
00004818,0.46806,0.02622
00004819,1.17889,0.24196
00004820,0.37433,0.02456
00004821,1.11639,0.11442
00004822,0.89550,0.05740
00004823,0.87883,0.06076
00004824,2.15812,0.20035
00004825,0.84700,0.06765
00004826,0.28515,0.02567
00004827,1.55809,0.14730
00004828,0.82851,0.04956
00004829,0.49336,0.02760
00004830,0.95709,0.06948
00004831,0.82746,0.07837
00004832,0.61676,0.03224
00004833,0.61382,0.03081
00004834,0.57967,0.03624
00004835,1.20043,0.10818
00004836,0.25287,0.02354
00004837,0.75144,0.03751
00004838,0.71625,0.04074
00004839,1.25580,0.11185
00004840,0.77020,0.04143
00004841,0.45017,0.02617
00004842,0.49951,0.03557
00004843,0.51189,0.02920
00004844,0.85426,0.07634
00004845,0.73758,0.06355
00004846,0.67477,0.06769
00004847,0.76412,0.08990
00004848,0.59557,0.04059
00004849,0.25520,0.02133
00004850,0.44741,0.03612
00004851,1.99774,0.21664
00004852,0.95489,0.06838
00004853,0.27139,0.03186
00004854,0.49091,0.02700
00004855,0.29954,0.02301
00004856,0.28934,0.02502
00004857,0.73265,0.04975
00004858,0.44133,0.05295
00004859,0.73714,0.05424
00004860,0.43006,0.02358
00004861,0.89561,0.08286
00004862,0.95178,0.06906
00004863,0.23586,0.02487
00004864,0.36584,0.02676
00004865,0.24740,0.02614
00004866,0.55706,0.03057
00004867,0.95470,0.07031
00004868,0.84564,0.06319
00004869,2.80290,0.29383
00004870,1.46263,0.14982
00004871,0.50101,0.02900
00004872,0.77682,0.04509
00004873,0.30726,0.02395
00004874,0.67973,0.03930
00004875,1.63292,0.21281
00004876,0.34322,0.02902
00004877,0.56822,0.03036
00004878,0.84863,0.06375
00004879,0.36490,0.02944
00004880,0.73099,0.04920
00004881,0.47880,0.02682
00004882,0.50322,0.03610
00004883,0.49540,0.03156
00004884,0.35590,0.03320
00004885,0.61779,0.04310
00004886,0.56749,0.04113
00004887,0.58994,0.04743
00004888,0.85945,0.05420
00004889,1.82469,0.18317
00004890,0.56110,0.03609
00004891,1.71897,0.14138
00004892,0.75694,0.04622
00004893,1.08251,0.17949
00004894,0.32232,0.02758
00004895,0.46687,0.03295
00004896,0.53973,0.03649
00004897,2.10456,0.21606
00004898,0.28005,0.02530
00004899,0.28683,0.02586
00004900,1.29726,0.13887
00004901,0.46516,0.03345
00004902,1.11940,0.08603
00004903,1.49218,0.11091
00004904,0.95919,0.08804
00004905,1.40408,0.13855
00004906,0.58742,0.03189
00004907,0.77998,0.05900
00004908,0.67983,0.05245
00004909,0.42085,0.03006
00004910,0.62883,0.05636
00004911,1.96691,0.16626
00004912,0.47173,0.02769
00004913,0.87154,0.07146
00004914,0.85332,0.06406
00004915,0.61582,0.03714
00004916,0.28963,0.02099
00004917,0.57542,0.04215
00004918,0.28424,0.02248
00004919,0.36269,0.02753
00004920,1.26868,0.09002
00004921,0.44418,0.02974
00004922,0.41701,0.03522
00004923,0.39785,0.03452
00004924,0.37397,0.02620
00004925,0.48458,0.03241
00004926,0.79262,0.05015
00004927,0.90858,0.05514
00004928,0.89002,0.08573
00004929,0.62903,0.05930
00004930,1.73221,0.15277
00004931,0.65758,0.03791
00004932,1.82778,0.15570
00004933,0.52697,0.02946
00004934,1.73417,0.15015
00004935,1.13539,0.14533
00004936,0.83066,0.06623
00004937,2.33771,0.22915
00004938,1.12039,0.10333
00004939,0.75894,0.04544
00004940,0.50971,0.02780
00004941,0.68028,0.06019
00004942,0.83998,0.05028
00004943,0.32165,0.02664
00004944,0.22085,0.02292
00004945,1.35110,0.10742
00004946,2.12931,0.35094
00004947,0.84483,0.05761
00004948,0.43711,0.03060
00004949,0.25487,0.02531
00004950,0.49801,0.04346
00004951,0.31049,0.02594
00004952,0.88395,0.06624
00004953,0.44441,0.02781
00004954,0.80199,0.06568
00004955,0.71864,0.04970
00004956,0.53150,0.02999
00004957,0.57698,0.03129
00004958,0.44187,0.03065
00004959,1.24579,0.09355
00004960,0.28548,0.02305
00004961,1.39013,0.10503
00004962,0.71541,0.03840
00004963,0.85736,0.05519
00004964,1.25061,0.11065
00004965,0.70334,0.04786
00004966,0.53214,0.02751
00004967,1.17609,0.09706
00004968,0.34876,0.02987
00004969,0.29598,0.02517
00004970,0.85244,0.05394
00004971,0.82946,0.05044
00004972,0.34304,0.03004
00004973,0.89102,0.06293
00004974,0.37048,0.02995
00004975,0.71381,0.03885
00004976,2.89510,0.29561
00004977,1.37269,0.10110
00004978,2.12622,0.23607
00004979,0.57190,0.04991
00004980,0.38898,0.02403
00004981,2.76468,0.31566
00004982,0.46734,0.02587
00004983,1.38961,0.13656
00004984,1.25242,0.09268
00004985,0.61153,0.03548
00004986,1.00175,0.07808
00004987,0.87815,0.06336
00004988,1.45247,0.12909
00004989,0.59823,0.03284
00004990,0.42757,0.02552
00004991,1.59496,0.24624
00004992,0.58327,0.03473
00004993,0.85807,0.05540
00004994,0.74432,0.04500
00004995,0.52071,0.03731
00004996,0.54956,0.03544
00004997,0.60710,0.03770
00004998,1.12853,0.08607
00004999,0.43588,0.02999
00005000,1.07313,0.07823
00005001,0.70515,0.04365
00005002,0.92226,0.17590
00005003,0.31522,0.02261
00005004,0.46875,0.03176
00005005,0.63649,0.03686
00005006,1.69184,0.15730
00005007,0.38914,0.02612
00005008,0.97487,0.06271
00005009,0.76396,0.04565
00005010,1.45059,0.13929
00005011,0.76175,0.05709
00005012,1.09009,0.07838
00005013,0.57320,0.04253
00005014,0.39568,0.02508
00005015,0.66971,0.03466
00005016,0.49260,0.03314
00005017,0.80268,0.04765
00005018,1.12133,0.07624
00005019,0.67183,0.04446
00005020,0.66606,0.04324
00005021,0.80482,0.04103
00005022,1.15640,0.08872
00005023,0.44859,0.02704
00005024,0.27655,0.02518
00005025,1.53028,0.11912
00005026,0.51161,0.02842
00005027,0.42740,0.03372
00005028,0.75916,0.05101
00005029,0.61327,0.03456
00005030,0.35646,0.02403
00005031,0.42685,0.02619
00005032,0.27896,0.02252
00005033,0.28873,0.02276
00005034,1.04775,0.07446
00005035,0.89412,0.05534
00005036,0.50326,0.02851
00005037,0.94944,0.07614
00005038,1.18757,0.13187
00005039,0.39694,0.02944
00005040,0.72443,0.05806
00005041,0.67605,0.03607
00005042,0.55740,0.03115
00005043,0.26363,0.20641
00005044,0.65186,0.04777
00005045,0.43060,0.04003
00005046,0.38392,0.02531
00005047,0.48747,0.04008
00005048,0.68784,0.04600
00005049,0.52565,0.03306
00005050,0.66128,0.05514
00005051,2.22129,0.23862
00005052,0.83123,0.05751
00005053,2.49193,0.23494
00005054,0.83045,0.07017
00005055,1.01271,0.06460
00005056,0.75708,0.06164
00005057,0.79538,0.05578
00005058,0.45909,0.03058
00005059,0.32642,0.02515
00005060,0.28704,0.02297
00005061,0.38073,0.02957
00005062,0.54964,0.03657
00005063,0.56599,0.03503
00005064,0.41399,0.02405
00005065,0.52240,0.03988
00005066,1.39088,0.11274
00005067,0.85849,0.05516
00005068,1.28668,0.12648
00005069,0.34542,0.02764
00005070,0.57101,0.03402
00005071,0.35221,0.02835
00005072,1.68447,0.17999
00005073,0.24290,0.02160
00005074,0.67441,0.03787
00005075,0.88667,0.11103
00005076,0.36830,0.02195
00005077,0.59508,0.03853
00005078,0.94898,0.09129
00005079,0.47293,0.03837
00005080,1.01117,0.14048
00005081,1.05329,0.07166
00005082,0.64453,0.04568
00005083,0.44840,0.03105
00005084,0.62609,0.04050
00005085,0.19453,0.03136
00005086,0.33566,0.03320
00005087,0.93304,0.06313
00005088,1.45417,0.12348
00005089,1.13073,0.10159
00005090,0.30349,0.02792
00005091,0.58239,0.03068
00005092,0.53917,0.03957
00005093,0.42632,0.02676
00005094,1.12006,0.07431
00005095,0.95267,0.07204
00005096,0.98431,0.23505
00005097,2.84767,0.43062
00005098,1.28140,0.09445
00005099,0.70532,0.03759
00005100,0.47283,0.02681
00005101,0.74057,0.05115
00005102,0.69836,0.04470
00005103,0.56416,0.03535
00005104,0.28363,0.02248
00005105,0.58460,0.02976
00005106,0.82666,0.07820
00005107,0.25839,0.02607
00005108,0.53897,0.05379
00005109,0.51157,0.03756
00005110,0.60989,0.03929
00005111,0.34852,0.02952
00005112,0.81895,0.05044
00005113,2.39511,0.22312
00005114,0.27463,0.02534
00005115,1.40837,0.12204
00005116,0.29810,0.02179
00005117,0.45761,0.04005
00005118,0.69911,0.03885
00005119,0.33445,0.03172
00005120,0.75260,0.04321
00005121,0.33505,0.02500
00005122,0.47263,0.02935
00005123,0.89705,0.06062
00005124,0.39964,0.02626
00005126,0.82490,0.05152
00005127,0.44747,0.03415
00005128,0.86541,0.07649
00005129,1.47449,0.28222
00005130,1.25566,0.09062
00005131,0.64715,0.04604
00005132,1.06349,0.07196
00005133,0.31405,0.02777
00005134,0.96657,0.15481
00005135,0.46201,0.02693
00005136,0.22857,0.02020
00005137,0.98222,0.07220
00005138,0.45487,0.02992
00005139,0.36418,0.02273
00005140,0.87705,0.05390
00005141,0.27998,0.02251
00005142,0.75585,0.05573
00005143,0.49816,0.03114
00005144,0.25954,0.02401
00005145,0.46930,0.03742
00005146,0.38606,0.03163
00005147,0.34878,0.02953
00005148,1.75820,0.18838
00005149,1.30661,0.09934
00005150,0.30337,0.02504
00005151,1.09535,0.07655
00005152,0.38552,0.03370
00005153,0.55348,0.04088
00005154,0.66459,0.04037
00005155,0.76254,0.06134
00005156,2.35577,0.25013
00005157,0.37283,0.02558
00005158,0.75341,0.04714
00005159,1.15531,0.08537
00005160,0.47258,0.02691
00005161,1.22462,0.10898
00005162,0.40538,0.02402
00005163,0.39975,0.02987
00005164,0.44211,0.02566
00005165,0.83808,0.05103
00005166,0.38535,0.02657
00005167,0.68966,0.07950
00005168,0.41233,0.02508
00005169,0.31736,0.02752
00005170,0.65415,0.03954
00005171,0.48597,0.02741
00005172,0.51230,0.04446
00005173,0.68063,0.04352
00005174,0.58217,0.03225
00005175,0.97130,0.08955
00005176,0.42804,0.02399
00005177,0.76959,0.04565
00005178,0.77916,0.05858
00005179,0.43412,0.02948
00005180,0.53852,0.03814
00005181,0.39007,0.03043
00005182,1.12832,0.07880
00005183,0.63871,0.05292
00005184,0.81548,0.07364
00005185,0.76654,0.04885
00005186,0.44482,0.03127
00005187,0.40833,0.05372
00005188,2.10824,0.20145
00005189,1.48731,0.12488
00005190,0.82528,0.05924
00005191,0.29987,0.02602
00005192,0.42044,0.03097
00005193,0.43044,0.02508
00005194,1.79584,0.17840
00005195,0.90126,0.05183
00005196,0.31179,0.02222
00005197,0.41187,0.03491
00005198,0.47238,0.02677
00005199,1.65574,0.16183
00005200,0.98107,0.08126
00005201,0.54505,0.03742
00005202,1.83433,0.19790
00005203,1.10450,0.07709
00005204,0.44723,0.03256
00005205,0.68539,0.04424
00005206,0.97982,0.09365
00005207,0.26955,0.02273
00005208,0.55073,0.04813
00005209,0.60736,0.03757
00005210,0.40552,0.03215
00005211,0.80938,0.04728
00005212,0.38972,0.02921
00005213,1.27316,0.12710
00005214,0.39457,0.02668
00005215,0.51907,0.05953
00005216,0.84672,0.04630
00005217,0.59633,0.03236
00005218,0.69487,0.04052
00005219,0.91065,0.07447
00005220,1.45527,0.11248
00005221,0.86544,0.05701
00005222,0.54396,0.02858
00005223,1.25531,0.22050
00005224,1.69636,0.15114
00005225,1.22503,0.10100
00005226,0.66933,0.06835
00005227,0.26342,0.02548
00005228,0.75010,0.04948
00005229,0.36914,0.03769
00005230,0.48566,0.04060
00005231,0.27705,0.02263
00005232,0.71716,0.06696
00005233,0.27137,0.02737
00005234,0.65870,0.04296
00005235,0.70731,0.04829
00005236,0.58887,0.03397
00005237,0.35873,0.02884
00005238,1.74171,0.21174
00005239,0.69786,0.05421
00005240,0.62672,0.04205
00005241,0.65590,0.03598
00005242,0.22251,0.03128
00005243,0.75600,0.04158
00005244,0.42884,0.02762
00005245,0.30646,0.02596
00005246,0.74113,0.04814
00005247,0.45142,0.04642
00005248,0.71540,0.05250
00005249,0.44313,0.02926
00005250,0.47969,0.03518
00005251,1.75797,0.15363
00005252,0.20492,0.01960
00005253,2.22235,0.24335
00005254,0.97027,0.06329
00005255,0.56348,0.04627
00005256,0.56035,0.04216
00005257,0.59188,0.03011
00005258,1.27630,0.09692
00005259,0.28234,0.02542
00005260,0.65711,0.04281
00005261,0.88669,0.07309
00005262,0.61146,0.04985
00005263,0.63712,0.10131
00005264,0.21624,0.02323
00005265,0.43083,0.02436
00005266,0.80318,0.04542
00005267,0.58860,0.03617
00005268,0.99751,0.09384
00005269,0.32755,0.02678
00005270,0.57503,0.04056
00005271,0.60519,0.03207
00005272,2.08160,0.20409
00005273,0.64024,0.04156
00005274,1.11546,0.09563
00005275,0.64388,0.03935
00005276,0.79111,0.05229
00005277,0.85056,0.05737
00005278,0.30340,0.03542
00005279,0.74521,0.05316
00005280,0.70128,0.05653
00005281,0.41036,0.02805
00005282,1.14186,0.09244
00005283,2.19182,0.22314
00005284,0.20417,0.02159
00005285,0.61713,0.05896
00005286,0.77031,0.04675
00005287,0.33028,0.02413
00005288,1.09112,0.07458
00005289,0.31499,0.03678
00005290,0.89244,0.05180
00005291,1.59076,0.18597
00005292,1.94217,0.16983
00005293,0.69021,0.05324
00005294,0.77541,0.04790
00005295,0.51250,0.03911
00005296,1.26019,0.09214
00005297,0.69150,0.04211
00005298,0.79131,0.05866
00005299,0.87897,0.05151
00005300,0.58061,0.03114
00005301,0.52808,0.03068
00005302,0.60242,0.05464
00005303,0.71797,0.04476
00005304,1.43153,0.11687
00005305,0.57024,0.04156
00005306,0.44893,0.02512
00005307,0.95644,0.06023
00005308,1.48994,0.12046
00005309,0.81890,0.04940
00005310,0.32651,0.02555
00005311,0.21032,0.02257
00005312,0.37121,0.03311
00005313,1.47976,0.10599
00005314,0.34291,0.02158
00005315,0.68279,0.05190
00005316,0.93985,0.11216
00005317,0.35176,0.02140
00005318,0.91975,0.06582
00005319,0.42734,0.02838
00005320,0.42143,0.02935
00005321,0.69849,0.03869
00005322,0.66526,0.04695
00005323,0.21486,0.02253
00005324,1.79743,0.24390
00005325,1.69092,0.46508
00005326,0.48731,0.02719
00005327,0.62002,0.03853
00005328,0.55604,0.03584
00005329,0.25549,0.03547
00005330,0.58389,0.03394
00005331,0.61794,0.04463
00005332,0.40214,0.02375
00005333,0.62533,0.03278
00005334,0.67731,0.04318
00005335,3.47533,0.52174
00005336,1.26047,0.10961
00005337,0.77947,0.05423
00005338,0.90227,0.05514
00005339,0.29161,0.02382
00005340,0.29214,0.02076
00005341,0.84281,0.06244
00005342,0.93775,0.06523
00005343,0.32437,0.02793
00005344,2.42196,0.26452
00005345,0.42087,0.02633
00005346,0.58369,0.03096
00005347,0.89562,0.05198
00005348,0.25622,0.02038
00005349,0.66274,0.03447
00005350,0.44555,0.03452
00005351,0.55459,0.02823
00005352,1.07506,0.08784
00005353,1.29978,0.10002
00005354,1.50533,0.11958
00005355,1.04440,0.06976
00005356,0.58237,0.03328
00005357,2.64879,0.35841
00005358,0.36812,0.02640
00005359,0.95871,0.07585
00005360,0.37291,0.02478
00005361,0.73741,0.04413
00005362,0.62147,0.05434
00005363,1.18480,0.12389
00005364,0.78007,0.04442
00005365,0.65666,0.03598
00005366,1.41950,0.10175
00005367,0.21595,0.02072
00005368,0.34318,0.03676
00005369,0.70375,0.04500
00005370,1.19360,0.09334
00005371,0.74649,0.07690
00005372,0.53459,0.03913
00005373,0.57417,0.03947
00005374,0.35459,0.02750
00005375,2.21655,0.23420
00005376,0.65165,0.04308
00005377,0.75513,0.04489
00005378,0.53240,0.03958
00005379,0.30051,0.02585
00005380,0.43600,0.02789
00005381,0.24660,0.02509
00005382,0.30612,0.02569
00005383,0.40306,0.02556
00005384,1.06173,0.07183
00005385,1.29377,0.11340
00005386,0.59437,0.03900
00005387,1.49087,0.14808
00005388,0.38393,0.03646
00005389,0.34902,0.04078
00005390,0.33481,0.02663
00005391,0.59998,0.03844
00005392,1.47421,0.12147
00005393,0.82171,0.04801
00005394,0.50984,0.03414
00005395,0.43849,0.02469
00005396,1.02943,0.09406
00005397,3.19732,0.35279
00005398,0.55636,0.03261
00005399,0.59005,0.03506
00005400,0.21178,0.02077
00005401,0.27467,0.02379
00005402,0.30476,0.02835
00005403,0.22455,0.02120
00005404,2.07543,0.20010
00005405,0.22000,0.02563
00005406,0.68409,0.16433
00005407,0.30765,0.02236
00005408,0.72234,0.04014
00005409,0.75508,0.05733
00005410,0.20056,0.02944
00005411,0.30733,0.02852
00005412,1.06003,0.07109
00005413,0.86906,0.05510
00005414,0.39992,0.03003
00005415,3.02543,0.31953
00005416,0.77030,0.04993
00005417,1.26479,0.09420
00005418,1.36181,0.10070
00005419,0.69041,0.04418
00005420,0.50462,0.03321
00005421,0.56818,0.03372
00005422,0.60939,0.03349
00005423,1.20266,0.10386
00005424,0.36286,0.02424
00005425,0.75097,0.04381
00005426,0.26775,0.02068
00005427,0.42657,0.02825
00005428,0.35039,0.03563
00005429,0.29347,0.02508
00005430,1.23019,0.09859
00005431,1.31223,0.16457
00005432,0.60695,0.05287
00005433,0.75113,0.04318
00005434,0.99386,0.06670
00005435,0.63771,0.03806
00005436,0.65728,0.04878
00005437,0.27649,0.02609
00005438,0.68076,0.06989
00005439,2.02424,0.22354
00005440,0.64426,0.03886
00005441,1.09694,0.09901
00005442,1.09087,0.08068
00005443,1.58386,0.14101
00005444,0.53758,0.04213
00005445,0.69602,0.04059
00005446,1.75736,0.21034
00005447,0.31587,0.02329
00005448,0.38841,0.02580
00005449,1.74725,0.20121
00005450,0.60213,0.04378
00005451,1.50745,0.14343
00005452,0.28190,0.02426
00005453,0.50306,0.02963
00005454,0.58357,0.03903
00005455,0.93962,0.06697
00005456,1.95512,0.22586
00005457,0.77774,0.04460
00005458,0.38115,0.03581
00005459,0.56389,0.03310
00005460,0.50345,0.03080
00005461,1.84314,0.16263
00005462,0.79433,0.05305
00005463,0.63124,0.03896
00005464,0.53064,0.03014
00005465,1.20894,0.09027
00005466,0.37541,0.02408
00005467,0.57043,0.04239
00005468,0.46319,0.03320
00005469,0.44811,0.03323
00005470,0.25213,0.02014
00005471,0.33552,0.02358
00005472,0.28183,0.03083
00005473,0.93732,0.11907
00005474,0.30477,0.02274
00005475,0.48659,0.02946
00005476,0.69794,0.06917
00005477,0.50214,0.03710
00005478,0.72235,0.03987
00005479,0.52360,0.03839
00005480,0.51635,0.03038
00005481,0.69558,0.03792
00005482,0.22119,0.02314
00005483,0.75874,0.06139
00005484,1.44389,0.11960
00005485,0.50986,0.03048
00005486,0.32561,0.02340
00005487,2.28737,0.26580
00005488,0.57507,0.03538
00005489,0.46189,0.03008
00005490,0.57296,0.03814
00005491,1.10151,0.09608
00005492,0.75807,0.04831
00005493,0.56532,0.04104
00005494,0.71376,0.04700
00005495,1.89814,0.32978
00005496,0.60922,0.03367
00005497,0.51337,0.03754
00005498,1.17728,0.13269
00005499,1.58775,0.13557
00005500,0.22796,0.02024
00005501,0.53511,0.03213
00005502,0.21845,0.02187
00005503,1.42623,0.13314
00005504,0.51858,0.03137
00005505,0.55853,0.04503
00005506,0.20733,0.02304
00005507,0.98124,0.09630
00005508,0.62523,0.03392
00005509,0.27754,0.03109
00005510,0.40204,0.02740
00005511,0.79367,0.07062
00005512,1.19039,0.09023
00005513,0.90398,0.10760
00005514,0.58060,0.05744
00005515,1.26624,0.11561
00005516,0.81737,0.05407
00005517,0.57307,0.03770
00005518,0.84091,0.06732
00005519,1.44700,0.19287
00005520,0.41363,0.04331
00005521,0.55831,0.03012
00005522,1.13871,0.08652
00005523,0.53700,0.04140
00005524,0.44502,0.02975
00005525,0.92020,0.06702
00005526,1.13648,0.12336
00005527,0.28293,0.03827
00005528,0.85958,0.08215
00005529,0.59617,0.03395
00005530,1.12130,0.08862
00005531,1.18698,0.08155
00005532,1.02230,0.08726
00005533,1.11658,0.11096
00005534,0.55075,0.04662
00005535,0.59698,0.04526
00005536,0.59843,0.03692
00005537,1.07802,0.08383
00005538,0.57898,0.06267
00005539,0.28322,0.02052
00005540,0.64151,0.06736
00005541,1.92842,0.26759
00005542,0.74468,0.05471
00005543,0.76298,0.04153
00005544,0.45986,0.02668
00005545,0.35876,0.03260
00005546,0.46351,0.03057
00005547,0.79411,0.05034
00005548,0.54922,0.05188
00005549,0.23162,0.02327
00005550,0.83928,0.08037
00005551,0.76236,0.06089
00005552,0.42141,0.02727
00005553,0.45382,0.03659
00005554,0.43226,0.03419
00005555,2.37704,0.21508
00005556,0.64623,0.07188
00005557,1.26970,0.09997
00005558,0.39796,0.02521
00005559,0.49089,0.03360
00005560,0.49300,0.02978
00005561,0.71877,0.04195
00005562,2.41617,0.22946
00005563,0.23165,0.02161
00005564,0.26807,0.02564
00005565,0.44779,0.03566
00005566,2.03717,0.18243
00005567,0.27217,0.02320
00005568,0.61352,0.04436
00005569,1.34772,0.09966
00005570,0.57891,0.03393
00005571,0.70800,0.04920
00005572,0.54304,0.03295
00005573,0.38637,0.02716
00005574,0.53848,0.03607
00005575,0.59299,0.03402
00005576,0.75517,0.04152
00005577,0.59451,0.03921
00005578,0.57406,0.04199
00005579,0.32125,0.02320
00005580,0.82037,0.07099
00005581,0.79349,0.05436
00005582,0.50913,0.03285
00005583,0.80866,0.07646
00005584,0.50895,0.03911
00005585,0.82327,0.04871
00005586,0.44321,0.02975
00005587,0.20852,0.02110
00005588,1.26352,0.12319
00005589,0.59754,0.04023
00005590,1.16167,0.13404
00005591,0.41445,0.02777
00005592,0.48317,0.02893
00005593,0.39015,0.02923
00005594,0.39271,0.02956
00005595,0.25496,0.02199
00005596,0.42288,0.02939
00005597,0.36997,0.02527
00005598,0.48551,0.02647
00005599,0.49655,0.03207
00005600,0.28288,0.02373
00005601,0.32790,0.03026
00005602,0.32830,0.02593
00005603,1.51896,0.13197
00005604,0.50878,0.04359
00005605,0.53978,0.02979
00005606,1.40563,0.10295
00005607,0.83011,0.06779
00005608,0.67391,0.04763
00005609,0.49463,0.03875
00005610,0.70540,0.04931
00005611,0.68197,0.04068
00005612,0.38234,0.02936
00005613,0.72650,0.04560
00005614,0.30706,0.02698
00005615,0.62304,0.04956
00005616,0.35526,0.03456
00005617,0.45832,0.02818
00005618,1.28672,0.09008
00005619,0.54611,0.03995
00005620,0.48864,0.03654
00005621,0.18039,0.01890
00005622,0.34082,0.03573
00005623,0.96233,0.08360
00005624,1.49927,0.19415
00005625,0.74856,0.05578
00005626,1.05881,0.13046
00005627,0.58141,0.03972
00005628,0.94522,0.07389
00005629,0.68620,0.04522
00005630,0.19969,0.02837
00005631,0.70353,0.05220
00005632,0.38654,0.03331
00005633,0.48520,0.02770
00005634,0.29638,0.02584
00005635,0.31023,0.03782
00005636,1.30134,0.11341
00005637,0.23888,0.02282
00005638,0.25972,0.03056
00005639,0.84778,0.06397
00005640,0.96906,0.06811
00005641,1.12731,0.08605
00005642,1.24441,0.11124
00005643,1.16692,0.08020
00005644,0.89325,0.06249
00005645,0.20577,0.02258
00005646,0.52745,0.03883
00005647,0.48928,0.04283
00005648,0.89365,0.06040
00005649,0.61569,0.04840
00005650,0.48073,0.03391
00005651,1.15380,0.07696
00005652,0.83446,0.04984
00005653,0.43787,0.03174
00005654,1.16247,0.10247
00005655,1.13731,0.09256
00005656,0.67151,0.03590
00005657,0.64098,0.04870
00005658,1.01840,0.07399
00005659,1.21054,0.09076
00005660,0.75384,0.04975
00005661,0.54677,0.03446
00005662,0.30941,0.02640
00005663,0.63400,0.04314
00005664,1.72582,0.16742
00005665,0.20360,0.02184
00005666,0.19673,0.02546
00005667,2.19909,0.62152
00005668,0.21782,0.02477
00005669,0.23834,0.01977
00005670,0.62149,0.06212
00005671,0.65305,0.03476
00005672,0.36568,0.02621
00005673,0.69258,0.03602
00005674,0.47855,0.04736
00005675,0.98533,0.08429
00005676,0.88760,0.08313
00005677,0.83748,0.06348
00005678,0.63934,0.04289
00005679,1.01019,0.08834
00005680,0.70647,0.03951
00005681,1.01422,0.07253
00005682,0.75776,0.04443
00005683,1.20211,0.10069
00005684,0.27438,0.02553
00005685,0.37810,0.02774
00005686,1.07374,0.08941
00005687,0.59891,0.03439
00005688,0.57291,0.03517
00005689,0.92498,0.06546
00005690,0.72591,0.04971
00005691,1.21767,0.10988
00005692,1.39802,0.16702
00005693,0.45801,0.02835
00005694,0.29851,0.02673
00005695,1.53369,0.14890
00005696,1.23549,0.11882
00005697,0.72738,0.05250
00005698,2.21073,0.26085
00005699,0.62851,0.03371
00005700,0.30277,0.02553
00005701,0.93876,0.06603
00005702,0.93334,0.05744
00005703,0.98988,0.11060
00005704,0.47071,0.02478
00005705,0.59712,0.04602
00005706,0.47967,0.04884
00005707,2.28226,0.22477
00005708,0.37583,0.02813
00005709,0.46520,0.03008
00005710,2.98368,0.29109
00005711,0.62478,0.03694
00005712,0.32999,0.02751
00005713,0.67182,0.04923
00005714,0.53501,0.03852
00005715,0.67529,0.03710
00005716,1.48059,0.13007
00005717,0.84132,0.07213
00005718,0.23467,0.02462
00005719,0.55611,0.04649
00005720,0.80118,0.04580
00005721,0.94023,0.07569
00005722,2.00423,0.19274
00005723,0.50772,0.02961
00005724,1.04322,0.09837
00005725,0.31300,0.02587
00005726,0.98651,0.07581
00005727,0.97743,0.06455
00005728,0.66545,0.03871
00005729,0.60716,0.04588
00005730,0.69162,0.04470
00005731,1.92849,0.16857
00005732,1.62215,0.22744
00005733,2.27255,0.21777
00005734,0.93708,0.07699
00005735,0.59506,0.03294
00005736,1.35735,0.10017
00005737,0.53390,0.02912
00005738,0.56860,0.03067
00005739,0.67155,0.03620
00005740,0.63925,0.03967
00005741,1.26667,0.12676
00005742,0.53817,0.02816
00005743,0.25171,0.02596
00005744,0.95075,0.06053
00005745,0.85647,0.07004
00005746,0.56534,0.02807
00005747,0.75734,0.04439
00005748,0.38760,0.03418
00005749,0.61913,0.03284
00005750,0.36283,0.02568
00005751,0.37301,0.02280
00005752,0.69104,0.04431
00005753,0.62580,0.03869
00005754,0.18361,0.02210
00005755,0.39477,0.02572
00005756,0.23571,0.02777
00005757,2.44712,0.26062
00005758,0.49140,0.02610
00005759,0.60146,0.03608
00005760,0.92812,0.06092
00005761,0.32137,0.02671
00005762,0.47478,0.02830
00005763,0.59960,0.06446
00005764,0.87766,0.05938
00005765,0.35042,0.02348
00005766,0.86656,0.08443
00005767,0.37626,0.02350
00005768,0.78962,0.04442
00005769,0.59127,0.04330
00005770,0.88638,0.09840
00005771,0.45522,0.04173
00005772,0.94272,0.24856
00005773,0.49281,0.02706
00005774,0.30522,0.02952
00005775,2.32856,0.21722
00005776,0.58792,0.04964
00005777,0.71979,0.04903
00005778,0.57728,0.04039
00005779,1.43864,0.10604
00005780,0.83415,0.06452
00005781,0.64906,0.03561
00005782,0.49234,0.03188
00005783,0.60785,0.04186
00005784,1.50621,0.16406
00005785,0.96837,0.08133
00005786,0.66233,0.05228
00005787,0.57735,0.03327
00005788,0.32418,0.02469
00005789,0.96275,0.05862
00005790,0.83291,0.05442
00005791,0.64026,0.04085
00005792,0.50181,0.04047
00005793,1.05421,0.15206
00005794,1.98128,0.22102
00005795,1.58867,0.14099
00005796,1.92036,0.25497
00005797,0.51273,0.03148
00005798,0.43690,0.03196
00005799,0.31550,0.02592
00005800,0.66142,0.04331
00005801,1.35748,0.13621
00005802,0.47293,0.03878
00005803,2.48641,0.25575
00005804,0.74183,0.04886
00005805,0.39836,0.02779
00005806,0.46023,0.02607
00005807,0.51957,0.03590
00005808,0.24465,0.03141
00005809,0.41330,0.03681
00005810,0.53929,0.03317
00005811,0.25153,0.02613
00005812,0.83913,0.06232
00005813,0.85062,0.07148
00005814,0.70148,0.06109
00005815,1.04640,0.09646
00005816,0.89007,0.07148
00005817,0.48344,0.03255
00005818,0.96979,0.06564
00005819,0.39511,0.02595
00005820,0.51210,0.03068
00005821,1.37111,0.09884
00005822,0.35094,0.03079
00005823,1.88085,0.18557
00005824,0.74214,0.04327
00005825,0.57900,0.03598
00005826,0.48777,0.02785
00005827,1.18701,0.10478
00005828,0.43130,0.03010
00005829,0.97794,0.07038
00005830,0.52286,0.02953
00005831,0.49922,0.03069
00005832,0.89469,0.07485
00005833,0.92609,0.07389
00005834,0.91594,0.06069
00005835,0.36763,0.03205
00005836,0.35830,0.02660
00005837,0.73072,0.05883
00005838,0.83018,0.05985
00005839,0.82194,0.05683
00005840,0.34201,0.02965
00005841,1.13231,0.10219
00005842,1.51727,0.14920
00005843,0.54451,0.03586
00005844,0.86942,0.06694
00005845,0.65448,0.04179
00005846,1.05130,0.16844
00005847,1.01232,0.06410
00005848,0.68382,0.03899
00005849,0.27653,0.02976
00005851,0.67697,0.03589
00005852,0.65389,0.05224
00005853,0.44492,0.03095
00005854,1.29531,0.10305
00005855,0.48241,0.03219
00005856,0.35917,0.02698
00005857,1.03657,0.07274
00005858,0.50897,0.03001
00005859,0.85650,0.05538
00005860,0.50994,0.03008
00005861,0.51819,0.04416
00005862,0.50544,0.03187
00005863,0.57044,0.03209
00005864,0.41423,0.02668
00005865,0.77838,0.05405
00005866,0.52140,0.03416
00005867,0.71924,0.05501
00005868,0.48172,0.03558
00005869,0.70404,0.04689
00005870,0.46317,0.02840
00005871,0.76126,0.04738
00005872,0.45106,0.03050
00005873,0.48695,0.02979
00005874,0.60946,0.03659
00005875,0.65473,0.04599
00005876,0.33580,0.03570
00005877,1.10344,0.09111
00005878,1.02380,0.07459
00005879,1.50018,0.12818
00005880,0.83930,0.05932
00005881,0.84506,0.06538
00005882,1.49121,0.13578
00005883,0.71960,0.05360
00005884,0.90859,0.05811
00005885,0.97778,0.06493
00005886,0.88841,0.06302
00005887,0.92184,0.12119
00005888,1.08264,0.07541
00005889,0.46788,0.02535
00005890,1.82616,0.16705
00005891,0.57787,0.03184
00005892,0.66651,0.04200
00005893,1.15803,0.09066
00005894,1.30866,0.10037
00005895,1.12748,0.07464
00005896,0.82143,0.05457
00005897,0.53509,0.03449
00005898,0.32836,0.02213
00005899,1.56872,0.16432
00005900,0.23096,0.02293
00005901,0.81624,0.04875
00005902,0.78061,0.05948
00005903,0.58648,0.03945
00005904,0.51118,0.03312
00005905,0.32169,0.02917
00005906,0.38006,0.02269
00005907,1.34873,0.12035
00005908,2.30068,0.29489
00005909,0.74259,0.05223
00005910,0.38318,0.02541
00005911,0.29563,0.02887
00005912,0.22434,0.02036
00005913,0.53369,0.05373
00005914,1.47073,0.13604
00005915,0.48371,0.03425
00005916,0.88495,0.05725
00005917,1.28621,0.09931
00005918,0.34322,0.02705
00005919,0.28435,0.02243
00005920,0.83696,0.05217
00005921,0.59813,0.03937
00005922,0.61411,0.03375
00005923,0.74737,0.05221
00005924,0.72675,0.05130
00005925,0.59889,0.04077
00005926,0.53221,0.02961
00005927,1.85892,0.22550
00005928,0.77156,0.04870
00005929,0.87481,0.04926
00005930,0.31062,0.03206
00005931,0.66474,0.04705
00005932,0.47794,0.04102
00005933,0.67342,0.05088
00005934,0.31337,0.02293
00005935,0.40601,0.03163
00005936,0.22749,0.02284
00005937,0.42087,0.02454
00005938,0.71454,0.05635
00005939,0.51642,0.02748
00005940,0.64526,0.03867
00005941,1.61723,0.14762
00005942,0.57425,0.03537
00005943,0.65495,0.05391
00005944,0.54776,0.02948
00005945,0.64945,0.05572
00005946,0.91746,0.06459
00005947,0.46909,0.04895
00005948,1.64871,0.16832
00005949,1.16452,0.09559
00005950,0.41917,0.03414
00005951,1.12856,0.09077
00005952,0.77348,0.05700
00005953,1.71694,0.19078
00005954,0.53267,0.02868
00005955,0.58855,0.04420
00005956,0.59192,0.03816
00005957,0.75904,0.04059
00005958,0.92537,0.06170
00005959,0.74239,0.04341
00005960,0.63011,0.03958
00005961,1.06110,0.08002
00005962,0.42364,0.03076
00005963,0.25037,0.02156
00005964,0.52923,0.03697
00005965,0.34138,0.02509
00005966,1.48276,0.11548
00005967,0.97721,0.07450
00005968,0.44027,0.03380
00005969,0.42703,0.02606
00005970,0.64447,0.03820
00005971,1.62606,0.13907
00005972,0.95307,0.06933
00005973,0.59965,0.04425
00005974,0.49500,0.03347
00005975,0.42746,0.02639
00005976,0.27255,0.03450
00005977,0.85897,0.05923
00005978,1.18254,0.07771
00005979,0.73593,0.04484
00005980,0.45019,0.02989
00005981,0.40916,0.02414
00005982,0.32929,0.02408
00005983,0.25335,0.02715
00005984,0.95337,0.08335
00005985,0.75496,0.04093
00005986,0.88408,0.06072
00005987,0.78181,0.05448
00005988,0.36880,0.02733
00005989,0.55425,0.03118
00005990,0.53191,0.03232
00005991,1.11246,0.09861
00005992,0.34726,0.02593
00005993,1.15257,0.09454
00005994,0.99707,0.10622
00005995,0.62646,0.06113
00005996,0.59265,0.04601
00005997,0.31991,0.02455
00005998,1.15131,0.08022
00005999,0.43109,0.04919
00006000,0.56648,0.03869
00006001,0.86626,0.06891
00006002,0.47780,0.03550
00006003,1.54242,0.14584
00006004,2.39081,0.30457
00006005,1.23002,0.11123
00006006,0.90058,0.07488
00006007,0.49252,0.02684
00006008,0.41884,0.03311
00006009,0.34946,0.02743
00006010,0.37475,0.03041
00006011,0.53160,0.03178
00006012,0.42171,0.02359
00006013,0.77669,0.08717
00006014,1.31134,0.13314
00006015,0.47894,0.02491
00006016,0.50732,0.02785
00006017,1.01886,0.07976
00006018,0.52653,0.03601
00006019,0.84926,0.06584
00006020,0.33002,0.03264
00006021,0.39928,0.03044
00006022,0.27974,0.02333
00006023,0.84946,0.07159
00006024,0.52773,0.03343
00006025,1.02426,0.06999
00006026,0.22608,0.02302
00006027,0.35337,0.02478
00006028,0.64050,0.04248
00006029,0.52816,0.03489
00006030,0.50022,0.03921
00006031,1.62770,0.15419
00006032,0.81534,0.05376
00006033,0.45591,0.03332
00006034,0.37124,0.02620
00006035,0.59694,0.03778
00006036,0.72920,0.05128
00006037,2.08940,0.23454
00006038,0.91050,0.05584
00006039,0.40972,0.03218
00006040,0.79622,0.04843
00006041,1.22790,0.08826
00006042,0.39643,0.02270
00006043,0.56588,0.04138
00006044,0.21279,0.02125
00006045,0.59037,0.10997
00006046,0.81922,0.04911
00006047,1.67149,0.15449
00006048,0.42891,0.02625
00006049,1.43669,0.11230
00006050,0.43116,0.03471
00006051,1.06497,0.08392
00006052,1.40532,0.13412
00006053,0.40609,0.03148
00006054,1.61564,0.17441
00006055,0.35428,0.02933
00006056,1.30232,0.17195
00006057,0.38082,0.02422
00006058,1.20688,0.08290
00006059,0.86722,0.05929
00006060,1.38700,0.13597
00006061,1.17019,0.09644
00006062,0.37848,0.02539
00006063,0.50858,0.03315
00006064,1.40661,0.12157
00006065,1.00182,0.09011
00006066,1.18809,0.11359
00006067,0.89278,0.06200
00006068,1.72497,0.16413
00006069,0.42688,0.03472
00006070,0.42371,0.03192
00006071,0.71901,0.04374
00006072,0.19943,0.02180
00006073,0.69048,0.04003
00006074,0.87736,0.05905
00006075,0.54089,0.03278
00006076,0.55718,0.04038
00006077,0.63801,0.04659
00006078,0.31950,0.02582
00006079,2.32726,0.25598
00006080,0.77549,0.04995
00006081,0.48758,0.04020
00006082,0.42407,0.03099
00006083,0.39343,0.02876
00006084,0.86836,0.05379
00006085,0.31275,0.02818
00006086,0.34788,0.03520
00006087,0.61498,0.03930
00006088,0.33759,0.03032
00006089,0.43964,0.03946
00006090,2.06590,0.21421
00006091,0.40186,0.03115
00006092,0.65674,0.05371
00006093,0.63773,0.03900
00006094,0.72535,0.05266
00006095,0.57098,0.04233
00006096,1.03026,0.07864
00006097,0.51600,0.04161
00006098,0.57473,0.03106
00006099,0.73112,0.18560
00006100,0.62489,0.04408
00006101,1.20204,0.09196
00006102,0.43534,0.02612
00006103,0.40955,0.03151
00006104,1.68212,0.13793
00006105,0.63609,0.04563
00006106,0.67491,0.05710
00006107,0.85374,0.06437
00006108,0.93194,0.06702
00006109,0.50497,0.03961
00006110,0.38934,0.02969
00006111,1.35794,0.10113
00006112,0.50063,0.03363
00006113,2.14888,0.24669
00006114,0.95563,0.08854
00006115,0.59893,0.04536
00006116,1.04132,0.07069
00006117,1.11060,0.08762
00006118,0.72886,0.05069
00006119,0.34940,0.02159
00006120,1.74448,0.15897
00006121,0.56600,0.03591
00006122,1.73981,0.56209
00006123,0.43971,0.03005
00006124,0.78710,0.05229
00006125,0.62712,0.03687
00006126,0.81228,0.10834
00006127,0.68901,0.03783
00006128,0.93942,0.06681
00006129,1.41365,0.12225
00006130,0.86120,0.05256
00006131,0.57103,0.03665
00006132,0.60615,0.04121
00006133,1.78310,0.16071
00006134,0.26837,0.02687
00006135,0.90608,0.05823
00006136,0.33965,0.02365
00006137,0.50030,0.06342
00006138,0.72442,0.04848
00006139,0.67121,0.04351
00006140,0.30437,0.02563
00006141,0.44354,0.02606
00006142,0.77156,0.06889
00006143,1.04583,0.09159
00006144,0.34890,0.02398
00006145,0.33591,0.04019
00006146,1.32917,0.16053
00006147,0.57944,0.03375
00006148,0.30186,0.02453
00006149,0.43877,0.02556
00006150,0.39293,0.03259
00006151,0.85061,0.05100
00006152,1.90113,0.18684
00006153,0.67385,0.04070
00006154,0.43962,0.02663
00006155,0.75608,0.04640
00006156,0.68685,0.05468
00006157,0.77115,0.06397
00006158,0.49699,0.03191
00006159,0.72344,0.04935
00006160,0.35301,0.02676
00006161,0.49407,0.03911
00006162,0.17679,0.01954
00006163,0.58561,0.03897
00006164,0.56254,0.04191
00006165,0.85991,0.05083
00006166,0.96073,0.07468
00006167,0.57723,0.03828
00006168,0.52278,0.03443
00006169,0.23632,0.02155
00006170,1.61486,0.14767
00006171,0.30716,0.02827
00006172,0.82329,0.07969
00006173,1.19816,0.10656
00006174,0.53632,0.03513
00006175,0.38599,0.02352
00006176,0.21730,0.02134
00006177,0.86415,0.05215
00006178,0.29994,0.03096
00006179,1.21185,0.09692
00006180,0.46794,0.03154
00006181,0.77548,0.04862
00006182,0.44001,0.03059
00006183,1.38235,0.11633
00006184,0.77090,0.07843
00006185,0.23690,0.02637
00006186,0.64417,0.10026
00006187,0.41523,0.03797
00006188,1.07725,0.07716
00006189,1.64076,0.14232
00006190,0.34505,0.02159
00006191,0.77403,0.05981
00006192,0.34015,0.04288
00006193,1.37458,0.12147
00006194,1.06911,0.09701
00006195,0.85341,0.09334
00006196,0.51376,0.02663
00006197,0.63196,0.04278
00006198,0.79880,0.05071
00006199,1.49662,0.13439
00006200,0.71198,0.10449
00006201,0.66735,0.03914
00006202,0.52185,0.02643
00006203,1.57490,0.13565
00006204,0.52650,0.05136
00006205,0.89068,0.06533
00006206,1.61136,0.12743
00006207,2.11964,0.23297
00006208,1.76653,0.15527
00006209,0.59064,0.04493
00006210,0.62672,0.04185
00006211,0.33268,0.02862
00006212,0.56506,0.05805
00006213,0.45837,0.02572
00006214,0.65858,0.09494
00006215,1.52684,0.13127
00006216,0.84226,0.07756
00006217,0.39818,0.03032
00006218,0.27783,0.02797
00006219,0.29966,0.02747
00006220,0.39367,0.02902
00006221,0.94936,0.06984
00006222,0.40908,0.02315
00006223,0.52830,0.03456
00006224,0.20626,0.03474
00006225,1.14936,0.13105
00006226,0.53233,0.03801
00006227,0.59712,0.04202
00006228,0.47067,0.03172
00006229,0.81772,0.06036
00006230,0.82661,0.06162
00006231,0.85493,0.04880
00006232,1.74818,0.18670
00006233,0.27391,0.02706
00006234,2.04043,0.20467
00006235,0.58848,0.03588
00006236,1.29495,0.10951
00006237,1.51872,0.12910
00006238,0.67524,0.03314
00006239,0.25230,0.02100
00006240,0.34006,0.02688
00006241,0.53522,0.03163
00006242,1.30060,0.10496
00006243,0.50913,0.03351
00006244,1.30714,0.10568
00006245,0.51693,0.03434
00006246,0.36562,0.03006
00006247,0.79218,0.04978
00006248,0.99289,0.22860
00006249,0.98620,0.07388
00006250,0.82045,0.05052
00006251,0.57946,0.04110
00006252,0.95270,0.07008
00006253,1.51899,0.19537
00006254,2.22022,0.22259
00006255,0.60466,0.03864
00006256,0.86616,0.05473
00006257,2.01385,0.19264
00006258,0.52298,0.02865
00006259,1.14136,0.11738
00006260,1.46295,0.14136
00006261,0.34576,0.03778
00006262,0.69877,0.03760
00006263,1.14908,0.11469
00006264,0.86551,0.11712
00006265,0.67396,0.04005
00006266,0.40188,0.02896
00006267,1.00741,0.06376
00006268,0.58749,0.03266
00006269,0.72892,0.04089
00006270,1.55883,0.14033
00006271,0.70371,0.05163
00006272,0.47676,0.02905
00006273,0.98489,0.08096
00006274,0.74891,0.06002
00006275,0.58691,0.04359
00006276,1.56823,0.15315
00006277,0.68617,0.04163
00006278,0.64184,0.07156
00006279,0.78023,0.05078
00006280,0.26005,0.03018
00006281,0.71596,0.04244
00006282,1.96530,0.25788
00006283,1.27034,0.10184
00006284,0.51180,0.04189
00006285,1.23866,0.11580
00006286,0.77958,0.05155
00006287,0.52555,0.04015
00006288,0.82631,0.05230
00006289,0.28582,0.02356
00006290,0.26126,0.02729
00006291,0.45929,0.03335
00006292,0.85411,0.05963
00006293,0.41627,0.02407
00006294,0.50720,0.04085
00006295,0.52954,0.03359
00006296,0.43563,0.02816
00006297,1.44001,0.12260
00006298,0.69898,0.04147
00006299,0.36130,0.02654
00006300,1.59216,0.13116
00006301,1.32232,0.14635
00006302,0.56323,0.03446
00006303,0.62911,0.04132
00006304,2.17692,0.32520
00006305,1.98080,0.18682
00006306,0.28091,0.02694
00006307,1.17444,0.11339
00006308,0.69828,0.05131
00006309,1.03775,0.07841
00006310,0.44696,0.03246
00006311,1.23157,0.09955
00006312,0.59009,0.03859
00006313,0.54064,0.04587
00006314,0.48538,0.05165
00006315,0.65215,0.08970
00006316,1.91331,0.21943
00006317,0.98112,0.09890
00006318,1.02471,0.08976
00006319,1.70540,0.17942
00006320,0.33735,0.02323
00006321,0.97294,0.08128
00006322,1.50405,0.12146
00006323,0.56968,0.03385
00006324,0.99569,0.11241
00006325,1.59801,0.16175
00006326,0.79723,0.04948
00006327,1.19170,0.11501
00006328,0.21099,0.02222
00006329,0.57967,0.03547
00006330,0.29962,0.03183
00006331,0.92756,0.06800
00006332,0.90144,0.09159
00006333,0.53043,0.02928
00006334,0.95858,0.07233
00006335,1.10138,0.07450
00006336,0.32839,0.03235
00006337,1.56205,0.18140
00006338,0.37171,0.02244
00006339,0.61051,0.04187
00006340,0.25343,0.02487
00006341,0.40036,0.02475
00006342,0.66629,0.05105
00006343,0.52886,0.03129
00006344,0.68827,0.04242
00006345,0.59708,0.03765
00006346,0.27117,0.02669
00006347,0.39168,0.02730
00006348,0.80015,0.07168
00006349,0.23558,0.02654
00006350,0.30964,0.02278
00006351,1.65386,0.20328
00006352,0.56522,0.02886
00006353,2.70910,0.28593
00006354,0.60399,0.03817
00006355,0.81465,0.05132
00006356,0.60711,0.03650
00006357,0.51233,0.03499
00006358,0.56239,0.03101
00006359,0.49695,0.02831
00006360,0.43681,0.02461
00006361,0.98913,0.06546
00006362,0.56510,0.03454
00006363,0.57611,0.03940
00006364,2.24403,0.22259
00006365,0.78891,0.08988
00006366,0.37165,0.02332
00006367,0.71035,0.04853
00006368,0.69468,0.03721
00006369,0.34724,0.02725
00006370,0.25330,0.02195
00006371,0.59378,0.03522
00006372,2.53089,0.25872
00006373,0.73873,0.10101
00006374,1.03317,0.06800
00006375,0.63047,0.03532
00006376,0.81633,0.04788
00006377,1.34170,0.11312
00006378,1.84172,0.15719
00006379,1.10165,0.11980
00006380,0.85350,0.06542
00006381,0.57506,0.03648
00006382,0.66710,0.04638
00006383,0.79878,0.05182
00006384,0.48866,0.03073
00006385,0.86321,0.13395
00006386,0.95460,0.09064
00006387,0.36438,0.02336
00006388,0.20195,0.02389
00006389,0.76749,0.04154
00006390,0.68104,0.06474
00006391,0.50838,0.03122
00006392,0.49418,0.02798
00006393,0.45204,0.02861
00006394,0.49515,0.02851
00006395,0.65802,0.04853
00006396,0.97283,0.12780
00006397,1.22246,0.09463
00006398,1.07656,0.07354
00006399,1.19915,0.09960
00006400,0.59962,0.03947
00006401,0.60494,0.03822
00006402,0.40387,0.04252
00006403,2.15882,0.21105
00006404,0.97212,0.10671
00006405,1.35115,0.13709
00006406,0.65175,0.03348
00006407,1.37038,0.11781
00006408,2.01507,0.19729
00006409,0.33117,0.03121
00006410,0.56605,0.05688
00006411,1.70592,0.16627
00006412,1.06392,0.07480
00006413,0.45577,0.02503
00006414,0.90456,0.06786
00006415,0.38099,0.02991
00006416,1.08907,0.07990
00006417,2.19583,0.19749
00006418,1.06057,0.07763
00006419,0.86143,0.05009
00006420,0.72891,0.05240
00006421,1.26910,0.09212
00006422,1.72955,0.17601
00006423,0.99952,0.09785
00006424,0.67141,0.04655
00006425,1.01319,0.08189
00006426,0.64531,0.03753
00006427,0.19752,0.01996
00006428,0.59805,0.05446
00006429,0.32785,0.02335
00006430,0.60919,0.04110
00006431,0.46802,0.04530
00006432,0.84107,0.06119
00006433,1.67705,0.25490
00006434,1.79683,0.18659
00006435,0.61488,0.04335
00006436,0.50252,0.02633
00006437,0.87133,0.13485
00006438,0.33207,0.02627
00006439,0.54508,0.04425
00006440,1.04429,0.07301
00006441,0.43003,0.02245
00006442,0.93533,0.05943
00006443,0.89970,0.05888
00006444,0.48277,0.03124
00006445,0.71260,0.05755
00006446,0.79691,0.08129
00006447,0.73633,0.05831
00006448,0.82255,0.07875
00006449,0.44948,0.02901
00006450,2.59644,0.29501
00006451,0.41886,0.03819
00006452,0.36305,0.02579
00006453,0.88200,0.06487
00006454,0.43188,0.03446
00006455,0.23702,0.02376
00006456,1.53584,0.17760
00006457,0.59895,0.03339
00006458,0.61475,0.04360
00006459,0.86921,0.05621
00006460,0.79178,0.05072
00006461,0.36962,0.04734
00006462,1.01651,0.07685
00006463,1.02366,0.10215
00006464,0.37269,0.02454
00006465,0.53449,0.03562
00006466,0.57887,0.03447
00006467,0.28282,0.03551
00006468,1.18831,0.09842
00006469,0.71799,0.05210
00006470,0.47721,0.05033
00006471,1.22035,0.09928
00006472,1.05619,0.10250
00006473,1.50657,0.11982
00006474,0.73870,0.05321
00006475,0.23217,0.02034
00006476,1.15265,0.16342
00006477,1.23017,0.09311
00006478,0.35193,0.02644
00006479,0.30962,0.02298
00006480,0.53439,0.07264
00006481,0.44698,0.02547
00006482,0.55409,0.02804
00006483,0.43729,0.02335
00006484,0.49177,0.02819
00006485,0.56776,0.04359
00006486,0.94732,0.06711
00006487,1.41725,0.14469
00006488,1.08700,0.08176
00006489,0.63482,0.03943
00006490,0.57833,0.03209
00006491,0.64448,0.05527
00006492,0.61278,0.04153
00006493,1.80195,0.17940
00006494,0.31683,0.03454
00006495,0.43960,0.03327
00006496,0.43205,0.03080
00006497,0.40092,0.02346
00006498,0.48336,0.03933
00006499,0.26560,0.02877
00006500,0.32394,0.03399
00006501,0.79589,0.04517
00006502,0.40656,0.02287
00006503,0.45989,0.03259
00006504,0.35935,0.02834
00006505,0.43978,0.04124
00006506,0.78225,0.06656
00006507,0.43137,0.02701
00006508,1.01915,0.14847
00006509,0.81169,0.04844
00006510,0.94136,0.09090
00006511,0.88569,0.07845
00006512,0.40846,0.02690
00006513,0.96590,0.06466
00006514,0.29720,0.02877
00006515,1.32759,0.10400
00006516,0.82466,0.07088
00006517,0.44122,0.03581
00006518,0.37790,0.03720
00006519,0.33369,0.02381
00006520,0.35435,0.02411
00006521,0.29428,0.02685
00006522,0.71582,0.03922
00006523,0.65922,0.04410
00006524,0.70914,0.04796
00006525,0.34331,0.02476
00006526,0.46422,0.03681
00006527,0.85592,0.05688
00006528,2.44909,0.29255
00006529,0.95482,0.08191
00006530,0.95811,0.06961
00006531,0.59261,0.03138
00006532,0.34765,0.02314
00006533,0.76304,0.05026
00006534,0.21059,0.02938
00006535,1.29682,0.12554
00006536,0.67400,0.04226
00006537,0.72844,0.05247
00006538,0.53047,0.04760
00006539,1.07444,0.07167
00006540,1.41758,0.13702
00006541,0.50242,0.02738
00006542,0.65911,0.04971
00006543,0.47205,0.03116
00006544,0.67384,0.03827
00006545,0.26405,0.03036
00006546,0.43244,0.02779
00006547,0.29876,0.02617
00006548,0.68727,0.11904
00006549,0.63978,0.05586
00006550,0.73390,0.04270
00006551,0.75908,0.05250
00006552,2.75709,0.32052
00006553,1.13942,0.09055
00006554,0.94803,0.08543
00006555,0.64310,0.03876
00006556,0.58464,0.03542
00006557,1.10144,0.09406
00006558,0.64004,0.04184
00006559,1.21007,0.10789
00006560,0.48626,0.03163
00006561,0.24034,0.03098
00006562,1.21092,0.09258
00006563,0.29783,0.02510
00006564,0.60929,0.03400
00006565,0.78437,0.05835
00006566,0.70917,0.04385
00006567,0.47519,0.03157
00006568,0.51589,0.04132
00006569,0.24162,0.02287
00006570,0.57724,0.02994
00006571,0.44937,0.02318
00006572,1.28647,0.11253
00006573,0.59325,0.03894
00006574,0.53096,0.03006
00006575,0.51408,0.05650
00006576,0.76228,0.04986
00006577,0.65463,0.04195
00006578,0.80430,0.05883
00006579,1.23009,0.09998
00006580,1.09423,0.09100
00006581,1.09049,0.16964
00006582,0.28043,0.03389
00006584,0.82160,0.06950
00006585,0.85434,0.05907
00006586,0.44797,0.02928
00006587,0.69226,0.04060
00006588,0.73360,0.05985
00006589,0.27181,0.02328
00006590,0.64753,0.05812
00006591,0.70349,0.05884
00006592,0.92544,0.06382
00006593,1.22658,0.11992
00006594,0.90083,0.08799
00006595,0.58311,0.03520
00006596,0.53094,0.02818
00006597,0.36366,0.02627
00006598,1.50029,0.16851
00006599,0.19601,0.02321
00006600,0.70110,0.04318
00006601,0.36791,0.03285
00006602,0.42239,0.03486
00006603,0.53960,0.06473
00006604,0.43098,0.03498
00006605,0.21425,0.03611
00006606,0.68140,0.04089
00006607,0.45539,0.02600
00006608,0.60313,0.03732
00006609,1.24756,0.09754
00006610,0.48404,0.03067
00006611,0.40644,0.02854
00006612,0.34964,0.02808
00006613,0.54173,0.02852
00006614,2.23617,0.20691
00006615,0.63944,0.03958
00006616,0.33041,0.03683
00006617,1.06241,0.06641
00006618,0.32521,0.02440
00006619,0.26432,0.02303
00006620,0.39487,0.03238
00006621,0.36912,0.02480
00006622,0.35587,0.02409
00006623,0.21898,0.02239
00006624,0.60140,0.03525
00006625,0.75092,0.04479
00006626,0.54357,0.05468
00006627,0.45851,0.03022
00006628,1.05156,0.08528
00006629,0.43977,0.03434
00006630,1.05301,0.07858
00006631,0.96140,0.11592
00006632,0.50352,0.03423
00006633,0.58687,0.04201
00006634,0.51624,0.04344
00006635,0.32178,0.02422
00006636,0.49766,0.03027
00006637,1.24114,0.11539
00006638,0.59891,0.03369
00006639,1.04397,0.09192
00006640,0.65153,0.04775
00006641,1.42408,0.10948
00006642,0.40677,0.02540
00006643,0.99039,0.06328
00006644,0.71477,0.04455
00006645,1.35401,0.12104
00006646,0.92847,0.09335
00006647,1.71864,0.17815
00006648,0.57873,0.03727
00006649,0.31010,0.02591
00006650,0.31721,0.02701
00006651,0.83947,0.05283
00006652,0.37794,0.02253
00006653,1.65718,0.19455
00006654,0.47683,0.03926
00006655,0.51594,0.02849
00006656,0.32900,0.02791
00006657,0.29237,0.02537
00006658,0.24887,0.02204
00006659,0.41668,0.02836
00006660,1.14628,0.08842
00006661,0.30209,0.02038
00006662,0.45217,0.03367
00006663,0.33211,0.02622
00006664,0.74409,0.05113
00006665,0.62429,0.05272
00006666,0.75157,0.04387
00006667,1.10974,0.12441
00006668,1.13522,0.08175
00006669,1.24752,0.11914
00006670,0.64783,0.04738
00006671,0.82543,0.05334
00006672,0.29310,0.02935
00006673,0.24421,0.02714
00006674,0.37590,0.02637
00006675,0.28274,0.02920
00006676,0.23963,0.02964
00006677,0.30596,0.02693
00006678,0.54078,0.04267
00006679,0.50164,0.02596
00006680,1.15267,0.09923
00006681,1.89566,0.21397
00006682,0.65616,0.04613
00006683,1.00021,0.12089
00006684,0.25191,0.02349
00006685,0.35157,0.02733
00006686,0.38143,0.05066
00006687,0.85373,0.05549
00006688,0.70270,0.03631
00006689,0.99714,0.06896
00006690,0.41365,0.02830
00006691,0.96103,0.11048
00006692,0.58258,0.03542
00006693,0.60694,0.03680
00006694,0.83006,0.04445
00006695,1.15724,0.08364
00006696,0.60360,0.04087
00006697,0.90771,0.09329
00006698,0.44923,0.03314
00006699,0.34510,0.02878
00006700,0.70459,0.04872
00006701,0.46523,0.03459
00006702,0.78874,0.05061
00006703,0.36657,0.02511
00006704,0.21462,0.02328
00006705,0.24908,0.02425
00006706,0.78710,0.06472
00006707,1.53198,0.17279
00006708,0.43438,0.02619
00006709,0.80129,0.15457
00006710,0.70096,0.04534
00006711,1.18165,0.10727
00006712,1.52896,0.14446
00006713,0.60874,0.04193
00006714,0.51265,0.03115
00006715,1.58364,0.14587
00006716,0.70807,0.04145
00006717,0.65832,0.04001
00006718,0.52536,0.02942
00006719,1.57862,0.13611
00006720,0.70239,0.06404
00006721,0.39841,0.03048
00006722,2.00263,0.18110
00006723,0.83860,0.06122
00006724,0.33379,0.03381
00006725,1.94146,0.20503
00006726,2.17831,0.25194
00006727,1.26408,0.10399
00006728,0.32402,0.02898
00006729,1.01108,0.07935
00006730,0.60577,0.04416
00006731,0.47571,0.04586
00006732,1.29115,0.09931
00006733,1.14931,0.09030
00006734,2.22702,0.29996
00006735,1.15808,0.11529
00006736,0.23640,0.02382
00006737,0.88430,0.04906
00006738,0.66426,0.04458
00006739,0.26347,0.02420
00006740,0.99899,0.07637
00006741,0.93752,0.07274
00006742,0.72657,0.04445
00006743,1.45073,0.10559
00006744,0.41664,0.02999
00006745,0.29824,0.02620
00006746,0.53875,0.04897
00006747,1.49060,0.12883
00006748,1.02831,0.08716
00006749,0.39220,0.02350
00006750,0.55465,0.04127
00006751,0.75993,0.05017
00006752,0.62080,0.04654
00006753,0.42402,0.02543
00006754,0.95088,0.06821
00006755,0.35467,0.02316
00006756,0.82671,0.05092
00006757,0.59118,0.03912
00006758,0.94904,0.08906
00006759,0.29855,0.02538
00006760,1.00658,0.10755
00006761,0.49666,0.03411
00006762,0.62998,0.04647
00006763,0.19310,0.01967
00006764,0.36147,0.02385
00006765,0.28466,0.03617
00006766,1.95098,0.20547
00006767,3.15470,0.35147
00006768,1.18120,0.08564
00006769,0.46559,0.02556
00006770,0.38475,0.03086
00006771,1.38027,0.13653
00006772,1.05751,0.09711
00006773,1.59154,0.18074
00006774,1.71961,0.17724
00006775,0.39054,0.02385
00006776,0.27402,0.02402
00006777,0.47824,0.02468
00006778,0.79245,0.04910
00006779,1.40248,0.13764
00006780,0.50257,0.03225
00006781,0.88371,0.05712
00006782,0.59554,0.03328
00006783,0.44419,0.02479
00006784,1.86978,0.21385
00006785,0.94679,0.06468
00006786,0.25582,0.04191
00006787,0.75061,0.05438
00006788,1.25452,0.08837
00006789,0.44012,0.03312
00006790,0.83626,0.05247
00006791,0.61923,0.04411
00006792,0.50085,0.03015
00006793,0.73842,0.04763
00006794,0.57830,0.03643
00006795,0.39234,0.02898
00006796,0.61732,0.03353
00006797,0.70586,0.05157
00006798,1.54983,0.15267
00006799,0.25256,0.02307
00006800,0.46946,0.02958
00006801,0.37630,0.03135
00006802,0.56828,0.03464
00006803,0.95135,0.06582
00006804,0.62983,0.04357
00006805,1.41447,0.14508
00006806,0.32897,0.02653
00006807,0.77132,0.06650
00006808,0.52677,0.05051
00006809,0.76236,0.04464
00006810,1.11745,0.09575
00006811,1.26816,0.15136
00006812,0.36350,0.02830
00006813,0.72353,0.05665
00006814,0.67854,0.04668
00006815,0.20755,0.03374
00006816,0.95766,0.06036
00006817,0.83675,0.07700
00006818,1.32557,0.10606
00006819,1.28399,0.10118
00006820,1.25472,0.11308
00006821,1.41872,0.16527
00006822,0.33908,0.03369
00006823,0.42815,0.02930
00006824,1.34411,0.11857
00006825,0.55031,0.03441
00006826,0.67289,0.04604
00006827,1.01684,0.06491
00006828,1.22937,0.09678
00006829,2.02298,0.18218
00006830,0.44332,0.02914
00006831,1.92009,0.18521
00006832,0.36549,0.02190
00006833,0.44842,0.03491
00006834,0.41375,0.02760
00006835,1.85767,0.18135
00006836,0.44362,0.02974
00006837,0.72844,0.05199
00006838,0.92776,0.10629
00006839,0.48455,0.03875
00006840,0.97109,0.06237
00006841,0.55569,0.03630
00006842,0.28556,0.03185
00006843,1.36896,0.12234
00006844,0.46031,0.02588
00006845,0.36023,0.02515
00006846,1.28208,0.10773
00006847,0.32171,0.02815
00006848,1.25289,0.08560
00006849,0.88229,0.06214
00006850,0.80873,0.05443
00006851,0.96833,0.12735
00006852,0.45169,0.04527
00006853,0.34287,0.02639
00006854,1.01480,0.07133
00006855,0.25997,0.03952
00006856,0.35719,0.03345
00006857,1.09790,0.07372
00006858,0.63407,0.04197
00006859,0.24430,0.02655
00006860,0.34162,0.02259
00006861,0.65140,0.03381
00006862,0.53532,0.03317
00006863,0.80282,0.05418
00006864,0.61932,0.04287
00006865,1.51161,0.16954
00006866,0.26460,0.02273
00006867,1.00037,0.06463
00006868,0.36973,0.02438
00006869,0.88181,0.06879
00006870,0.23457,0.02222
00006871,1.10366,0.08011
00006872,0.84778,0.05755
00006873,0.60785,0.03860
00006874,0.26848,0.02295
00006875,0.56623,0.04095
00006876,0.55395,0.02742
00006877,0.37142,0.02551
00006878,1.01948,0.18046
00006879,1.23356,0.10532
00006880,0.60298,0.03489
00006881,0.47466,0.04713
00006882,0.53191,0.03995
00006883,0.64351,0.04382
00006884,0.48708,0.03873
00006885,1.21033,0.09005
00006886,0.62287,0.04068
00006887,0.85332,0.05924
00006888,0.85364,0.05984
00006889,0.72223,0.09971
00006890,0.35916,0.02232
00006891,0.46703,0.02481
00006892,0.59156,0.04427
00006893,0.60980,0.03884
00006894,0.31972,0.02630
00006895,0.37904,0.02616
00006896,0.48981,0.03352
00006897,0.57847,0.04273
00006898,0.86885,0.09918
00006899,0.62801,0.04126
00006900,0.67997,0.04053
00006901,0.60531,0.04011
00006902,0.86291,0.05491
00006903,1.00790,0.08043
00006904,0.38851,0.03971
00006905,0.52963,0.05175
00006906,1.09789,0.07882
00006907,0.57725,0.03367
00006908,0.59956,0.05300
00006909,0.69131,0.05297
00006910,0.35269,0.03975
00006911,0.32345,0.02478
00006912,0.93593,0.05553
00006913,0.43070,0.02822
00006914,1.90663,0.19433
00006915,1.50882,0.13478
00006916,0.58258,0.04100
00006917,1.01479,0.06783
00006918,0.21274,0.02111
00006919,0.64672,0.03683
00006920,1.49834,0.16437
00006921,0.40326,0.02511
00006922,1.20612,0.12985
00006923,0.39898,0.02535
00006924,1.23916,0.09272
00006925,0.20283,0.02823
00006926,0.77993,0.04538
00006927,0.41971,0.02897
00006928,1.12773,0.08617
00006929,0.41363,0.02831
00006930,0.76439,0.07075
00006931,0.72948,0.05637
00006932,0.66188,0.05800
00006933,0.85821,0.05967
00006934,0.25197,0.02658
00006935,0.59404,0.03216
00006936,0.45484,0.03442
00006937,0.58423,0.04361
00006938,0.81901,0.06023
00006939,1.51006,0.13935
00006940,1.80564,0.18207
00006941,0.53159,0.03224
00006942,0.75347,0.05625
00006943,0.44548,0.02555
00006944,0.34500,0.02407
00006945,0.58315,0.03866
00006946,1.01362,0.10046
00006947,2.23185,0.22055
00006948,0.63144,0.03926
00006949,0.47874,0.02646
00006950,1.18720,0.08729
00006951,1.43372,0.14866
00006952,1.07051,0.09297
00006953,0.41000,0.02674
00006954,0.26853,0.02576
00006955,1.42630,0.12139
00006956,1.90967,0.18680
00006957,0.48681,0.03927
00006958,1.38165,0.10443
00006959,0.33583,0.03069
00006960,0.39139,0.03354
00006961,0.32625,0.02154
00006962,0.80897,0.06833
00006963,0.88811,0.07056
00006964,1.17710,0.11253
00006965,0.86757,0.05940
00006966,0.91588,0.06765
00006967,1.26306,0.09392
00006968,0.48817,0.02856
00006969,0.37285,0.02788
00006970,1.43724,0.11397
00006971,0.49338,0.03322
00006972,1.01866,0.07879
00006973,0.22658,0.02320
00006974,0.81560,0.05781
00006975,0.38879,0.02344
00006976,0.54212,0.03101
00006977,0.35283,0.03826
00006978,1.48261,0.13165
00006979,0.38537,0.02371
00006980,0.84660,0.13988
00006981,0.31346,0.02607
00006982,1.03355,0.07530
00006983,0.42206,0.02585
00006984,0.23066,0.02075
00006985,0.66755,0.06250
00006986,0.31423,0.02946
00006987,0.50471,0.02882
00006988,0.41032,0.03195
00006989,1.15973,0.08574
00006990,0.62864,0.03561
00006991,0.66102,0.04577
00006992,3.40826,0.46017
00006993,0.28127,0.03293
00006994,0.55391,0.04056
00006995,0.85156,0.08814
00006996,0.30898,0.02353
00006997,0.86680,0.06676
00006998,1.81073,0.17044
00006999,0.74643,0.06233
00007000,0.90553,0.07205
00007001,0.59471,0.03789
00007002,0.85985,0.04979
00007003,0.18269,0.02129
00007004,0.66094,0.04620
00007005,0.66733,0.05021
00007006,1.20570,0.08851
00007007,1.55302,0.12032
00007008,0.34458,0.02629
00007009,0.50340,0.03596
00007010,0.53657,0.03089
00007011,0.46465,0.03598
00007012,0.63170,0.05528
00007013,0.18623,0.01910
00007014,0.55624,0.03679
00007015,0.40277,0.03440
00007016,0.43768,0.02268
00007017,0.49593,0.02779
00007018,0.89094,0.10573
00007019,0.70658,0.07100
00007020,0.86913,0.05054
00007021,0.27419,0.02207
00007022,0.59204,0.03425
00007023,0.58461,0.04118
00007024,0.47329,0.03648
00007025,1.20720,0.08888
00007026,0.45429,0.02842
00007027,0.94803,0.07738
00007028,0.26653,0.02352
00007029,0.39446,0.03379
00007030,0.54669,0.03722
00007031,0.94548,0.20646
00007032,0.31427,0.02283
00007033,0.72031,0.04275
00007034,0.37708,0.03266
00007035,0.48692,0.02797
00007036,0.62110,0.07309
00007037,0.32594,0.02719
00007038,0.93489,0.06842
00007039,1.14720,0.08283
00007040,0.39267,0.02967
00007041,0.85036,0.05159
00007042,0.50344,0.03615
00007043,0.54199,0.03679
00007044,2.41049,0.31847
00007045,0.60480,0.04038
00007046,0.37870,0.02793
00007047,0.93501,0.06700
00007048,0.33170,0.02214
00007049,0.98722,0.06775
00007050,0.68646,0.04290
00007051,0.77994,0.05302
00007052,1.30023,0.14457
00007053,0.65665,0.03998
00007054,0.29231,0.02630
00007055,1.87469,0.20679
00007056,1.21516,0.07870
00007057,0.53951,0.03533
00007058,0.57438,0.03041
00007059,0.73377,0.04527
00007060,1.11335,0.08384
00007061,0.53444,0.03367
00007062,1.05565,0.08951
00007063,0.33148,0.02282
00007064,0.82425,0.04635
00007065,0.35837,0.02850
00007066,0.86562,0.08697
00007067,0.92426,0.06808
00007068,1.08031,0.06956
00007069,0.95871,0.06327
00007070,0.36940,0.02372
00007071,0.73251,0.04655
00007072,1.66753,0.14202
00007073,0.65774,0.04224
00007074,0.33938,0.02540
00007075,0.40403,0.02521
00007076,0.36161,0.02993
00007077,0.36936,0.02378
00007078,0.50642,0.03195
00007079,0.46554,0.04425
00007080,0.56581,0.03127
00007081,0.65523,0.03362
00007082,0.91793,0.06032
00007083,0.48748,0.03306
00007084,0.62559,0.03888
00007085,1.09365,0.09846
00007086,1.29798,0.11622
00007087,0.45802,0.03360
00007088,0.38501,0.02327
00007089,0.27598,0.03118
00007090,1.81070,0.19196
00007091,1.88126,0.18769
00007092,0.95736,0.07159
00007093,1.09982,0.07250
00007094,0.46517,0.02855
00007095,0.57484,0.03918
00007096,2.55098,0.45988
00007097,0.66281,0.05281
00007098,0.54056,0.03362
00007099,0.66820,0.04362
00007100,0.62187,0.03701
00007101,0.34824,0.02709
00007102,0.55945,0.04265
00007103,0.21908,0.02604
00007104,1.20126,0.10381
00007105,0.32542,0.02484
00007106,0.69661,0.04121
00007107,0.75091,0.05128
00007108,0.48270,0.04312
00007109,0.54572,0.05837
00007110,1.05310,0.11644
00007111,0.36667,0.03307
00007112,0.87053,0.05919
00007113,0.62271,0.03597
00007114,0.93898,0.05790
00007115,0.46688,0.03254
00007116,0.31223,0.02168
00007117,0.81013,0.05053
00007118,0.50964,0.02940
00007119,0.24177,0.02224
00007120,0.39216,0.03065
00007121,0.80527,0.07163
00007122,0.46358,0.02879
00007123,0.81128,0.07467
00007124,1.29653,0.10775
00007125,0.57981,0.04053
00007126,0.45161,0.03323
00007127,0.38721,0.02381
00007128,0.30944,0.05356
00007129,0.53920,0.02956
00007130,0.49235,0.03089
00007131,0.53242,0.02841
00007132,2.70531,0.33300
00007133,0.69274,0.03644
00007134,0.56919,0.11432
00007135,0.27149,0.05107
00007136,2.44953,0.26385
00007137,0.62684,0.03912
00007138,2.07862,0.24306
00007139,1.05792,0.07197
00007140,0.81854,0.08082
00007141,1.18895,0.09013
00007142,0.59587,0.04177
00007143,0.57588,0.03249
00007144,0.54797,0.03671
00007145,0.79939,0.06067
00007146,0.46124,0.04452
00007147,1.72721,0.18143
00007148,1.75098,0.24302
00007149,0.23094,0.03282
00007150,0.29409,0.02249
00007151,0.66447,0.05023
00007152,0.59143,0.04941
00007153,0.28573,0.04221
00007154,0.45434,0.04130
00007155,0.86932,0.05361
00007156,0.45842,0.03209
00007157,0.39108,0.02562
00007158,0.50895,0.03261
00007159,0.92791,0.06235
00007160,0.26815,0.05975
00007161,0.79621,0.05571
00007162,0.76131,0.04973
00007163,0.38819,0.03446
00007164,0.47038,0.03111
00007165,0.96546,0.06460
00007166,0.74482,0.04746
00007167,1.59863,0.16336
00007168,1.87259,0.21355
00007169,0.67297,0.04511
00007170,2.79551,0.30818
00007171,0.68384,0.06401
00007172,0.60611,0.04001
00007173,0.52552,0.02874
00007174,0.28246,0.02153
00007175,0.24554,0.02609
00007176,0.51997,0.02779
00007177,0.47764,0.04100
00007178,1.36900,0.11840
00007179,0.53332,0.03105
00007180,0.52794,0.03620
00007181,0.91580,0.06301
00007182,1.08177,0.07058
00007183,0.67221,0.05748
00007184,0.52382,0.02754
00007185,0.74782,0.04946
00007186,2.07416,0.20434
00007187,0.71576,0.04162
00007188,0.28290,0.02827
00007189,0.36638,0.02921
00007190,0.57126,0.04388
00007191,0.45931,0.03101
00007192,1.20814,0.14035
00007193,0.50921,0.03253
00007194,0.56942,0.03308
00007195,0.52383,0.04075
00007196,0.83845,0.05013
00007197,1.28193,0.09988
00007198,0.39826,0.03569
00007199,0.59677,0.03829
00007200,0.67667,0.04647
00007201,1.62098,0.15182
00007202,1.17192,0.09002
00007203,0.85928,0.05714
00007204,1.61677,0.14547
00007205,0.74981,0.10018
00007206,1.74330,0.17973
00007207,0.86082,0.06671
00007208,0.48462,0.03168
00007209,0.43039,0.02791
00007210,2.52330,0.27825
00007211,0.87179,0.06045
00007212,0.95378,0.08692
00007213,0.17999,0.01986
00007214,0.63031,0.03440
00007215,0.62771,0.04208
00007216,0.50647,0.03220
00007217,0.44955,0.02625
00007218,0.62617,0.03213
00007219,0.19794,0.02257
00007220,0.37598,0.02637
00007221,0.62194,0.04568
00007222,0.46595,0.02963
00007223,0.62871,0.03716
00007224,0.83048,0.06284
00007225,0.43604,0.02646
00007226,0.86666,0.07880
00007227,0.41842,0.02613
00007228,0.98455,0.06957
00007229,0.40292,0.02756
00007230,0.42936,0.03413
00007231,0.69909,0.04125
00007232,0.60518,0.03506
00007233,2.82359,0.33239
00007234,0.48943,0.02845
00007235,0.75183,0.05042
00007236,0.93467,0.08209
00007237,0.47103,0.02557
00007238,0.63072,0.04728
00007239,0.46983,0.03211
00007240,0.72709,0.03868
00007241,0.47537,0.02598
00007242,0.38052,0.03436
00007243,0.39614,0.02368
00007244,0.30752,0.02269
00007245,0.73402,0.04638
00007246,0.54368,0.03125
00007247,0.60368,0.03627
00007248,0.43739,0.03964
00007249,0.74311,0.04904
00007250,1.09155,0.07174
00007251,0.66161,0.04104
00007252,0.25624,0.02218
00007253,0.42560,0.02675
00007254,0.92821,0.07706
00007255,0.96580,0.08991
00007256,0.47449,0.02902
00007257,0.51484,0.03642
00007258,1.39003,0.14342
00007259,0.30878,0.02588
00007260,1.28843,0.09398
00007261,0.37333,0.04178
00007262,0.40675,0.02221
00007263,0.91837,0.06791
00007264,0.32355,0.02361
00007265,0.32803,0.02494
00007266,0.66092,0.04208
00007267,0.97984,0.07582
00007268,0.42111,0.02690
00007269,0.58240,0.04143
00007270,1.40859,0.11642
00007271,0.34750,0.02873
00007272,1.82179,0.17949
00007273,1.39674,0.12427
00007274,0.41375,0.02801
00007275,0.36582,0.03793
00007276,0.46084,0.03998
00007277,0.63320,0.04348
00007278,1.70403,0.19645
00007279,0.47685,0.03600
00007280,1.07762,0.08353
00007281,0.69725,0.04620
00007282,1.33104,0.15926
00007283,2.66189,0.27191
00007284,0.74098,0.04309
00007285,0.57335,0.03577
00007286,0.59273,0.03730
00007287,0.29202,0.03505
00007288,0.78137,0.06734
00007289,1.21950,0.09415
00007290,0.62216,0.03485
00007291,0.31007,0.02435
00007292,0.83446,0.10256
00007293,1.22008,0.08412
00007294,0.87758,0.07820
00007295,0.50054,0.02801
00007296,0.97719,0.08024
00007297,0.74007,0.05290
00007298,0.54824,0.03506
00007299,0.52101,0.05573
00007300,2.35084,0.24548
00007301,0.88501,0.05998
00007302,0.31369,0.02480
00007303,0.79974,0.07393
00007304,0.97210,0.06860
00007305,0.37200,0.02444
00007306,1.06430,0.07375
00007307,0.89487,0.06012
00007308,0.33799,0.02842
00007309,0.58167,0.03203
00007310,0.80869,0.06540
00007311,0.73456,0.05856
00007312,1.14038,0.09224
00007313,0.60102,0.03888
00007314,0.70881,0.05915
00007315,0.70650,0.04966
00007316,1.05008,0.07824
00007317,0.32183,0.03760
00007318,0.64556,0.03912
00007319,0.48506,0.02746
00007320,1.05827,0.10979
00007321,1.27487,0.09933
00007322,0.25781,0.02354
00007323,0.56452,0.03249
00007324,0.46402,0.03693
00007325,0.72031,0.04297
00007326,0.41575,0.03517
00007327,0.44586,0.03856
00007328,0.83838,0.05674
00007329,0.96059,0.06352
00007330,0.76333,0.04729
00007331,0.58042,0.03646
00007332,0.44091,0.02774
00007333,0.96583,0.08033
00007334,1.13806,0.07618
00007335,1.25387,0.09576
00007336,1.35392,0.16520
00007337,0.45988,0.02556
00007338,0.95513,0.23883
00007339,0.61380,0.03800
00007340,0.52812,0.08136
00007341,0.56779,0.02883
00007342,0.50285,0.02758
00007343,0.63630,0.04101
00007344,0.61579,0.03250
00007345,0.61284,0.03439
00007346,0.87954,0.05602
00007347,0.48087,0.03028
00007348,0.55539,0.04448
00007349,0.41508,0.02719
00007350,0.29706,0.02175
00007351,0.51593,0.02628
00007352,0.48075,0.03511
00007353,0.46498,0.03549
00007354,0.41078,0.02892
00007355,0.32813,0.02587
00007356,1.34897,0.11617
00007357,0.48131,0.02937
00007358,2.28796,0.22324
00007359,0.46573,0.03195
00007360,0.44207,0.03128
00007361,0.53737,0.03561
00007362,0.80104,0.05296
00007363,0.35394,0.02821
00007364,0.38317,0.02774
00007365,0.86374,0.06305
00007366,0.90957,0.08391
00007367,0.60075,0.05960
00007368,0.59833,0.04290
00007369,0.42088,0.02413
00007370,0.29017,0.02201
00007371,0.49823,0.02848
00007372,0.73362,0.04970
00007373,1.81725,0.21570
00007374,0.73303,0.04365
00007375,1.29216,0.10904
00007376,0.57899,0.03158
00007377,0.57908,0.04458
00007378,0.69476,0.04033
00007379,0.67508,0.03872
00007380,0.86081,0.06329
00007381,1.71854,0.17958
00007382,1.06537,0.08236
00007383,1.27969,0.11527
00007384,0.42897,0.02685
00007385,0.54662,0.05584
00007386,0.34095,0.02436
00007387,1.17665,0.12067
00007388,0.40149,0.02525
00007389,1.18978,0.08833
00007390,0.51071,0.02880
00007391,0.56974,0.03915
00007392,1.08410,0.12680
00007393,0.26744,0.03251
00007394,0.68180,0.03733
00007395,0.54468,0.05254
00007396,0.35769,0.03236
00007397,0.44962,0.02540
00007398,0.27590,0.02971
00007399,0.99817,0.07636
00007400,0.56451,0.03715
00007401,1.30201,0.14093
00007402,1.69409,0.16808
00007403,0.23110,0.02415
00007404,2.30471,0.23726
00007405,0.25993,0.02219
00007406,1.03118,0.06490
00007407,0.22689,0.02263
00007408,3.00773,0.34377
00007409,0.41363,0.02711
00007410,0.27827,0.03126
00007411,0.67341,0.05100
00007412,0.67138,0.04856
00007413,0.28386,0.02437
00007414,0.21744,0.02138
00007415,0.62503,0.03340
00007416,0.26248,0.02700
00007417,0.64824,0.04114
00007418,0.57817,0.05283
00007419,0.96750,0.06423
00007420,0.45528,0.02694
00007421,0.96564,0.08372
00007422,1.41955,0.11542
00007423,0.76504,0.05577
00007424,0.41802,0.02570
00007425,0.49876,0.03181
00007426,0.63071,0.04285
00007427,2.48731,0.25119
00007428,0.71301,0.04598
00007429,0.32411,0.02511
00007430,1.29734,0.09499
00007431,0.27853,0.02562
00007432,0.37125,0.02379
00007433,0.24755,0.02499
00007434,1.15956,0.08224
00007435,1.95673,0.21801
00007436,1.21543,0.27888
00007437,1.61011,0.15938
00007438,0.94874,0.13852
00007439,0.59147,0.03401
00007440,0.88653,0.06907
00007441,0.83009,0.05363
00007442,1.25468,0.11732
00007443,0.32495,0.02673
00007444,0.22183,0.02203
00007445,0.63366,0.04211
00007446,1.63671,0.15298
00007447,0.25576,0.02408
00007448,0.72238,0.06459
00007449,0.87203,0.06990
00007450,0.35313,0.03040
00007451,1.07718,0.08877
00007452,0.45845,0.02564
00007453,0.49164,0.02865
00007454,0.59115,0.04987
00007455,1.13592,0.07918
00007456,0.61048,0.03877
00007457,0.47168,0.02566
00007458,0.49953,0.03289
00007459,1.72821,0.19184
00007460,0.86794,0.07327
00007461,0.24142,0.05032
00007462,0.45842,0.03088
00007463,0.67675,0.04772
00007464,0.37904,0.02329
00007465,0.71482,0.03833
00007466,0.66354,0.04909
00007467,0.42441,0.02340
00007468,1.03345,0.09689
00007469,0.43023,0.02845
00007470,0.67118,0.05318
00007471,0.42377,0.03359
00007472,0.75997,0.04186
00007473,0.65931,0.03879
00007474,1.07168,0.07369
00007475,0.40935,0.03627
00007476,1.13444,0.09434
00007477,0.72937,0.05350
00007478,0.79791,0.06009
00007479,0.25238,0.02087
00007480,0.41372,0.02577
00007481,0.57717,0.03256
00007482,1.48566,0.16803
00007483,0.28309,0.02077
00007484,0.37012,0.02803
00007485,0.91342,0.05571
00007486,1.25521,0.09979
00007487,0.66210,0.05733
00007488,0.89927,0.06057
00007489,0.45889,0.02698
00007490,0.53546,0.03133
00007491,0.50122,0.04031
00007492,0.46753,0.02947
00007493,0.50089,0.04687
00007494,0.72107,0.03825
00007495,0.63840,0.03536
00007496,0.84522,0.05392
00007497,0.38903,0.02451
00007498,1.03529,0.07869
00007499,0.52134,0.04259
00007500,0.65093,0.03519
00007501,1.17473,0.08918
00007502,0.25458,0.02150
00007503,1.73461,0.17136
00007504,0.29887,0.02291
00007505,0.39911,0.02489
00007506,1.24571,0.10158
00007507,0.34448,0.02271
00007508,0.52630,0.03102
00007509,0.22287,0.02384
00007510,1.08654,0.08520
00007511,0.22098,0.02864
00007512,0.63466,0.04797
00007513,0.78068,0.06423
00007514,1.55916,0.12501
00007515,0.78823,0.05286
00007516,0.27527,0.02726
00007517,0.36585,0.03499
00007518,1.51162,0.14912
00007519,0.59185,0.04104
00007520,0.54093,0.03538
00007521,0.71124,0.05065
00007522,0.50541,0.03925
00007523,0.59926,0.03981
00007524,0.43415,0.02972
00007525,0.30865,0.02337
00007526,0.23141,0.02279
00007527,0.53525,0.03086
00007528,0.76636,0.05153
00007529,0.76076,0.04494
00007530,0.55346,0.03473
00007531,0.75437,0.05476
00007532,0.71147,0.04423
00007533,0.28459,0.04164
00007534,0.55213,0.03038
00007535,0.97652,0.06870
00007536,0.74416,0.04141
00007537,0.51176,0.04008
00007538,1.05079,0.07069
00007539,0.57165,0.03997
00007540,1.28259,0.09854
00007541,1.17335,0.11080
00007542,0.50724,0.02650
00007543,0.47842,0.02770
00007544,1.71774,0.16224
00007545,0.73287,0.05923
00007546,0.65117,0.03657
00007547,0.56536,0.04704
00007548,1.12219,0.08500
00007549,0.57158,0.05759
00007550,0.73954,0.06131
00007551,0.53287,0.03130
00007552,0.35869,0.03203
00007553,0.48940,0.02742
00007554,0.40039,0.02708
00007555,1.01848,0.09649
00007556,0.68471,0.03504
00007557,0.68907,0.06444
00007558,0.49585,0.03147
00007559,1.18029,0.08898
00007560,0.36891,0.04909
00007561,0.83928,0.05288
00007562,1.84932,0.31038
00007563,0.32500,0.02472
00007564,0.51287,0.03263
00007565,0.96918,0.07837
00007566,1.66502,0.13669
00007567,1.46329,0.12699
00007568,0.63332,0.04557
00007569,1.14628,0.09027
00007570,0.68738,0.03943
00007571,0.68344,0.05028
00007572,0.35403,0.02859
00007573,1.22421,0.08699
00007574,0.72586,0.04234
00007575,0.74530,0.06440
00007576,1.53658,0.13279
00007577,1.79442,0.14746
00007578,0.90906,0.06767
00007579,0.40690,0.02882
00007580,0.98243,0.10617
00007581,0.59114,0.03439
00007582,0.51057,0.03359
00007583,0.58685,0.03497
00007584,0.36908,0.02684
00007585,0.64333,0.03500
00007586,1.07159,0.07592
00007587,1.07385,0.09377
00007588,0.56863,0.04001
00007589,0.17991,0.01886
00007590,0.76551,0.04438
00007591,0.99694,0.06710
00007592,0.88218,0.06163
00007593,0.75577,0.06092
00007594,1.56883,0.14846
00007595,2.63720,0.31642
00007596,0.28280,0.02767
00007597,2.51663,0.29767
00007598,0.36718,0.02846
00007599,0.27804,0.02377
00007600,0.43374,0.02624
00007601,0.49185,0.03115
00007602,0.38938,0.02702
00007603,0.66939,0.04217
00007604,1.30514,0.12418
00007605,0.72929,0.05318
00007606,0.51068,0.03411
00007607,0.39590,0.02562
00007608,3.20835,0.39061
00007609,0.50076,0.03434
00007610,1.55363,0.14266
00007611,0.78940,0.04341
00007612,0.35852,0.02306
00007613,0.47839,0.02871
00007614,0.95148,0.06890
00007615,0.41765,0.03333
00007616,1.77143,0.16161
00007617,0.84089,0.05391
00007618,0.17806,0.03334
00007619,1.40053,0.11228
00007620,0.49195,0.02620
00007621,0.38043,0.03804
00007622,0.47872,0.03499
00007623,0.50926,0.03751
00007624,1.19384,0.09468
00007625,1.06022,0.10574
00007626,0.63472,0.03938
00007627,0.46888,0.02969
00007628,0.70030,0.05136
00007629,0.54297,0.03363
00007630,1.51715,0.13246
00007631,0.63370,0.03901
00007632,1.89687,0.19228
00007633,0.41122,0.02602
00007634,0.34027,0.03685
00007635,0.19726,0.01998
00007636,0.76052,0.05243
00007637,1.30875,0.11465
00007638,0.48798,0.03233
00007639,0.73360,0.04093
00007640,0.27541,0.02263
00007641,0.68991,0.04400
00007642,0.81792,0.05629
00007643,0.33792,0.02798
00007644,0.18602,0.01859
00007645,0.58038,0.03423
00007646,0.32599,0.02167
00007647,0.55698,0.03260
00007648,0.36056,0.03227
00007649,0.26682,0.02397
00007650,1.49294,0.15021
00007651,0.85642,0.05410
00007652,1.05881,0.07091
00007653,0.23923,0.02726
00007654,0.42327,0.02462
00007655,0.86173,0.20581
00007656,0.71928,0.04793
00007657,0.25260,0.02359
00007658,0.51500,0.04148
00007659,1.07766,0.10127
00007660,0.64515,0.04063
00007661,0.51046,0.03193
00007662,2.74773,0.26910
00007663,0.28472,0.02607
00007664,1.66602,0.13371
00007665,0.70449,0.05108
00007666,0.69130,0.03939
00007667,0.32893,0.02624
00007668,0.66968,0.04250
00007669,0.52535,0.02865
00007670,0.68917,0.04791
00007671,1.15751,0.07896
00007672,0.61444,0.03200
00007673,0.84107,0.08354
00007674,1.05226,0.06445
00007675,0.38170,0.03176
00007676,1.54019,0.12340
00007677,0.22877,0.02265
00007678,0.42184,0.03408
00007679,0.39710,0.02305
00007680,0.47582,0.02749
00007681,0.22656,0.02325
00007682,0.89982,0.08762
00007683,0.28207,0.02554
00007684,2.10094,0.20753
00007685,0.44464,0.03563
00007686,0.40561,0.04498
00007687,0.70897,0.05159
00007688,0.49044,0.02550
00007689,0.53375,0.03734
00007690,1.09557,0.07874
00007691,0.57745,0.03800
00007692,0.41549,0.04607
00007693,0.56732,0.03432
00007694,0.95188,0.07446
00007695,0.91494,0.06724
00007696,0.62193,0.03556
00007697,0.96866,0.10721
00007698,2.77707,0.31823
00007699,0.42364,0.02736
00007700,0.19995,0.02087
00007701,2.03846,0.20918
00007702,0.56038,0.03710
00007703,0.55311,0.04569
00007704,1.06814,0.07029
00007705,0.73517,0.05413
00007706,1.05299,0.07437
00007707,0.69943,0.03794
00007708,0.88111,0.06571
00007709,1.46539,0.11967
00007710,0.37820,0.02484
00007711,0.86839,0.05904
00007712,0.26707,0.02285
00007713,0.84324,0.08088
00007714,1.23414,0.11023
00007715,0.96333,0.09528
00007716,0.70348,0.04980
00007717,0.40121,0.02511
00007718,1.14664,0.12921
00007719,0.61664,0.03565
00007720,0.19538,0.01985
00007721,0.27694,0.02430
00007722,0.69485,0.03707
00007723,0.59570,0.03706
00007724,0.56781,0.03113
00007725,0.46524,0.02492
00007726,1.30963,0.12814
00007727,0.67498,0.04705
00007728,1.44478,0.12419
00007729,0.95877,0.07799
00007730,1.32950,0.12820
00007731,1.92371,0.15136
00007732,0.62417,0.03956
00007733,1.56712,0.18539
00007734,1.33920,0.11758
00007735,1.60644,0.13112
00007736,1.19112,0.08069
00007737,1.79992,0.19905
00007738,0.75254,0.05265
00007739,0.40474,0.03165
00007740,0.34642,0.04048
00007741,0.99999,0.06754
00007742,0.53298,0.03380
00007743,1.06906,0.08890
00007744,0.21824,0.03089
00007746,1.24819,0.10019
00007747,1.64702,0.14892
00007748,0.75837,0.05514
00007749,0.48436,0.03098
00007750,1.12166,0.08322
00007751,0.51741,0.03254
00007752,0.49281,0.03144
00007753,0.52549,0.03437
00007754,0.57539,0.05161
00007755,0.57764,0.03103
00007756,0.59568,0.03498
00007757,0.61539,0.03831
00007758,0.61183,0.04037
00007759,0.81394,0.04941
00007760,0.56827,0.03641
00007761,0.74393,0.05873
00007762,0.64841,0.08384
00007763,0.73653,0.06664
00007764,0.20714,0.02444
00007765,0.86904,0.05819
00007766,1.30224,0.13150
00007767,0.42781,0.02854
00007768,2.30978,0.23452
00007769,0.25281,0.03910
00007770,0.86817,0.15417
00007771,2.11476,0.21880
00007772,0.78935,0.09860
00007773,0.23133,0.02136
00007774,0.66991,0.04641
00007775,0.53160,0.03896
00007776,0.52880,0.02987
00007777,0.82870,0.05277
00007778,0.76291,0.04562
00007779,0.96018,0.06617
00007780,0.37788,0.02596
00007781,2.03834,0.24234
00007782,0.37767,0.02368
00007783,0.40575,0.05827
00007784,0.51302,0.03600
00007785,0.52412,0.02845
00007786,2.92580,0.33216
00007787,0.73902,0.06753
00007788,0.51674,0.02734
00007789,0.50159,0.03039
00007790,0.69813,0.07438
00007791,0.86584,0.08450
00007792,0.35919,0.02464
00007793,0.70244,0.17378
00007794,1.03225,0.08958
00007795,0.65858,0.03978
00007796,0.64065,0.03785
00007797,0.45669,0.02924
00007798,0.96204,0.13124
00007799,0.20341,0.03122
00007800,1.87631,0.16678
00007801,1.20452,0.08932
00007802,0.92249,0.06365
00007803,2.13789,0.26587
00007804,0.90249,0.06491
00007805,0.26778,0.02206
00007806,0.59488,0.03651
00007807,0.69177,0.03674
00007808,0.42650,0.02994
00007809,0.35401,0.02279
00007810,0.50413,0.02760
00007811,0.55655,0.03855
00007812,0.57889,0.03755
00007813,0.46813,0.03617
00007814,0.63632,0.03649
00007815,2.75040,0.29268
00007816,0.66692,0.03883
00007817,0.33892,0.02889
00007818,0.70666,0.04140
00007819,1.37007,0.11588
00007820,0.52828,0.03338
00007821,0.26479,0.04551
00007822,0.51356,0.03695
00007823,0.56321,0.03492
00007824,0.70604,0.06052
00007825,0.38973,0.03191
00007826,0.68781,0.04103
00007827,0.59136,0.03662
00007828,0.35213,0.02691
00007829,1.02017,0.06267
00007830,0.50580,0.03835
00007831,0.53029,0.02987
00007832,0.24908,0.02293
00007834,0.26550,0.03246
00007835,1.03061,0.07237
00007836,0.71624,0.05877
00007837,0.63031,0.03448
00007838,0.44339,0.02943
00007839,0.26263,0.02698
00007840,0.52635,0.02964
00007841,0.30632,0.02322
00007842,0.35946,0.03068
00007843,0.83348,0.06121
00007844,2.13351,0.29416
00007845,0.46375,0.03141
00007846,1.14162,0.09828
00007847,0.29093,0.02835
00007848,0.22642,0.02213
00007849,0.26002,0.02539
00007850,0.64210,0.06109
00007851,0.81183,0.06033
00007852,0.98763,0.06702
00007853,0.50416,0.03669
00007854,1.71870,0.14628
00007855,0.88100,0.08867
00007856,0.62813,0.03653
00007857,0.82978,0.04762
00007858,0.34993,0.03070
00007859,0.47864,0.03033
00007860,0.62630,0.04349
00007861,1.19471,0.12512
00007862,0.56227,0.03306
00007863,1.01763,0.06862
00007864,0.47853,0.03580
00007865,0.46322,0.03385
00007866,0.93468,0.08622
00007867,1.25552,0.09660
00007868,0.82120,0.07447
00007869,0.43842,0.02942
00007870,0.37746,0.02624
00007871,0.53159,0.03633
00007872,0.53299,0.03050
00007873,0.48461,0.03256
00007874,0.49578,0.05188
00007875,0.51406,0.02778
00007876,0.65415,0.05258
00007877,0.61112,0.04161
00007878,0.57337,0.04130
00007879,0.37551,0.02285
00007880,0.76728,0.05719
00007881,0.41987,0.02947
00007882,0.55706,0.04621
00007883,0.90277,0.05678
00007884,0.69831,0.05127
00007885,0.76575,0.07953
00007886,2.08504,0.19882
00007887,1.34022,0.12010
00007888,0.74872,0.05830
00007889,0.83901,0.05530
00007890,0.56776,0.03237
00007891,0.34857,0.03171
00007892,0.64390,0.04215
00007893,0.52771,0.05522
00007894,0.76241,0.05232
00007895,1.16293,0.10115
00007896,1.31927,0.12094
00007897,0.34931,0.02863
00007898,1.94113,0.20884
00007899,0.58735,0.03461
00007900,0.27876,0.02626
00007901,0.51941,0.02793
00007902,0.73011,0.06128
00007903,0.41781,0.03020
00007904,0.75322,0.05279
00007905,0.30250,0.02903
00007906,0.46241,0.03667
00007907,0.66795,0.04187
00007908,1.42828,0.17077
00007909,0.56393,0.03200
00007910,0.78832,0.06473
00007911,0.75191,0.06208
00007912,0.61851,0.04538
00007913,0.17735,0.01885
00007914,0.26341,0.02362
00007915,0.22808,0.02070
00007916,0.75641,0.04922
00007917,1.13229,0.15984
00007918,0.71211,0.04390
00007919,0.39846,0.02619
00007920,0.52171,0.03487
00007921,2.03406,0.21891
00007922,2.88221,0.38756
00007923,1.48347,0.15325
00007924,0.70507,0.04109
00007925,0.66554,0.04129
00007926,0.55632,0.03726
00007927,2.60383,0.38093
00007928,0.93703,0.06464
00007929,0.50437,0.02834
00007930,0.47818,0.03628
00007931,0.38336,0.02481
00007932,0.46335,0.03627
00007933,0.39035,0.02356
00007934,0.82525,0.05973
00007935,0.39805,0.03635
00007936,1.52738,0.15825
00007937,1.21868,0.09107
00007938,0.63764,0.03484
00007939,0.42132,0.02972
00007940,1.11474,0.08916
00007941,0.42916,0.03329
00007942,0.77822,0.04683
00007943,0.24048,0.02322
00007944,0.69653,0.04888
00007945,0.44028,0.03328
00007946,0.47733,0.03073
00007947,0.66786,0.03848
00007948,0.66961,0.04240
00007949,0.27178,0.02985
00007950,0.52784,0.03295
00007951,0.98824,0.06413
00007952,0.87503,0.14298
00007953,0.38430,0.02505
00007954,1.03994,0.07251
00007955,0.87685,0.08598
00007956,0.39547,0.03140
00007957,0.60850,0.07470
00007958,1.13535,0.08341
00007959,0.85702,0.06629
00007960,0.37974,0.02829
00007961,1.48573,0.13540
00007962,0.32524,0.03519
00007963,0.74213,0.04577
00007964,0.74285,0.05989
00007965,0.46283,0.02680
00007966,0.39269,0.03066
00007967,1.63596,0.22162
00007968,0.44261,0.03565
00007969,0.49176,0.04072
00007970,0.79235,0.07401
00007971,0.43188,0.02708
00007972,0.55447,0.03875
00007973,0.42696,0.04483
00007974,0.22832,0.04157
00007975,1.57806,0.12928
00007976,0.33765,0.02814
00007977,1.33070,0.11934
00007978,0.58121,0.04446
00007979,0.55557,0.03895
00007980,0.78548,0.04913
00007981,1.29958,0.10509
00007982,0.26637,0.02765
00007983,0.42892,0.03224
00007984,0.56338,0.03315
00007985,0.68746,0.05311
00007986,0.76123,0.04675
00007987,1.22577,0.09806
00007988,0.81071,0.05771
00007989,0.87297,0.05687
00007990,0.62376,0.04116
00007991,0.86065,0.05825
00007992,0.57654,0.05089
00007993,0.30902,0.02300
00007994,0.97991,0.07202
00007995,0.73059,0.04395
00007996,0.38128,0.03262
00007997,0.41659,0.02815
00007998,1.64587,0.19892
00007999,0.82750,0.11964
00008000,0.63596,0.03794
00008001,0.43809,0.02501
00008002,0.51100,0.04026
00008003,0.59896,0.04670
00008004,1.10045,0.08263
00008005,1.25510,0.13446
00008006,1.05722,0.09400
00008007,0.35217,0.03179
00008008,1.16191,0.08770
00008009,0.74319,0.04640
00008010,0.88748,0.08623
00008011,0.84113,0.07471
00008012,0.91668,0.08568
00008013,0.85057,0.07268
00008014,0.71118,0.05265
00008015,0.53634,0.03604
00008016,0.69504,0.06230
00008017,0.51249,0.04120
00008018,0.29266,0.02105
00008019,0.39762,0.02272
00008020,0.48282,0.03356
00008021,1.18932,0.18714
00008022,0.66253,0.03674
00008023,0.29842,0.02616
00008024,0.51009,0.02754
00008025,0.33001,0.03056
00008026,0.56608,0.04127
00008027,0.44936,0.03077
00008028,1.55359,0.13050
00008029,0.46760,0.02745
00008030,0.79685,0.04348
00008031,0.20134,0.02718
00008032,0.72396,0.04080
00008033,0.44297,0.02729
00008034,0.49384,0.02837
00008035,0.48352,0.04703
00008036,0.25080,0.03017
00008037,0.33440,0.02183
00008038,2.19606,0.24496
00008039,0.88366,0.06321
00008040,0.56420,0.03912
00008041,0.52105,0.03192
00008042,0.46709,0.03207
00008043,0.59254,0.03540
00008044,0.36195,0.03097
00008045,0.98287,0.09036
00008046,0.66907,0.04423
00008047,0.59922,0.03338
00008048,0.83093,0.06362
00008049,0.93922,0.06143
00008050,1.26771,0.11809
00008051,0.45300,0.03511
00008052,0.35620,0.02421
00008053,1.24202,0.09306
00008054,0.98444,0.07388
00008055,1.33948,0.12276
00008056,1.29975,0.10518
00008057,0.62748,0.03928
00008058,0.44058,0.04010
00008059,0.85497,0.12138
00008060,0.84787,0.06298
00008061,0.31522,0.02590
00008062,0.49620,0.02826
00008063,2.65361,0.26189
00008064,0.66992,0.05532
00008065,0.32399,0.02988
00008066,0.27285,0.02290
00008067,0.86847,0.06573
00008068,0.62037,0.03194
00008069,1.65334,0.23105
00008070,0.65218,0.04256
00008071,0.68958,0.05544
00008072,1.37028,0.13396
00008073,1.84083,0.20504
00008074,3.44508,0.48132
00008075,0.38610,0.02375
00008076,0.62935,0.04304
00008077,0.69234,0.04926
00008078,0.72251,0.04298
00008079,0.62707,0.05244
00008080,0.54799,0.03228
00008081,0.44409,0.05491
00008082,0.30639,0.02295
00008083,0.35015,0.02105
00008084,0.79325,0.04721
00008085,0.40140,0.03482
00008086,0.48392,0.02806
00008087,0.75784,0.04057
00008088,0.65146,0.03906
00008089,0.59642,0.09514
00008090,0.38170,0.03146
00008091,0.61063,0.04361
00008092,0.55369,0.03471
00008093,0.22266,0.05820
00008094,0.57165,0.04353
00008095,0.35351,0.04147
00008096,1.05342,0.10366
00008097,1.06144,0.10276
00008098,0.93541,0.06720
00008099,1.52863,0.12312
00008100,0.97338,0.06702
00008101,0.45367,0.02884
00008102,0.76661,0.04953
00008103,0.40655,0.02434
00008104,0.38651,0.03497
00008105,0.22749,0.02378
00008106,0.39388,0.03681
00008107,1.14327,0.08175
00008108,0.38186,0.02313
00008109,1.20365,0.09090
00008110,0.39940,0.02934
00008111,0.39002,0.02990
00008112,1.04957,0.20112
00008113,0.61602,0.05122
00008114,0.52169,0.03052
00008115,0.45502,0.03616
00008116,0.22859,0.08686
00008117,0.43839,0.03892
00008118,0.39213,0.02495
00008119,0.30852,0.02638
00008120,0.86833,0.06649
00008121,0.47471,0.02948
00008122,0.24105,0.02149
00008123,0.68121,0.05301
00008124,0.55435,0.03354
00008125,2.33337,0.23190
00008126,0.40740,0.02627
00008127,0.56165,0.04426
00008128,1.05581,0.07155
00008129,1.23963,0.11499
00008130,0.60687,0.03029
00008131,0.65121,0.03692
00008132,0.65730,0.03682
00008133,0.86151,0.10442
00008134,0.75146,0.05010
00008135,2.72711,0.33352
00008136,0.39070,0.03314
00008137,1.62167,0.14061
00008138,0.46347,0.03837
00008139,1.00593,0.07471
00008140,1.28706,0.09493
00008141,0.52520,0.03370
00008142,0.32337,0.02335
00008143,0.41482,0.02347
00008144,0.21305,0.02140
00008145,0.67520,0.03869
00008146,0.79961,0.05752
00008147,0.33072,0.02315
00008148,0.31904,0.03502
00008149,0.52091,0.05954
00008150,2.33591,0.24607
00008151,0.49854,0.03555
00008152,0.59802,0.03259
00008153,0.87933,0.08566
00008154,0.42362,0.03019
00008155,0.97694,0.05840
00008156,0.47531,0.03130
00008157,0.48012,0.03292
00008158,0.46315,0.03894
00008159,0.62408,0.08020
00008160,0.59244,0.07043
00008161,0.26644,0.02226
00008162,0.77498,0.04704
00008163,0.47504,0.03455
00008164,0.22993,0.02486
00008165,0.50157,0.03015
00008166,0.80046,0.04977
00008167,0.59051,0.04746
00008168,0.68756,0.06583
00008169,1.19316,0.12237
00008170,0.48756,0.04337
00008171,1.22002,0.08893
00008172,0.48464,0.04384
00008173,0.89461,0.06517
00008174,1.48151,0.14410
00008175,1.00947,0.12729
00008176,0.61766,0.03774
00008177,0.92500,0.10017
00008178,0.87266,0.06339
00008179,0.40512,0.03527
00008180,1.60141,0.14035
00008181,0.40943,0.02643
00008182,0.50684,0.03005
00008183,1.10659,0.10071
00008184,1.01405,0.09172
00008185,0.57278,0.04199
00008186,0.92034,0.06076
00008187,0.28402,0.02201
00008188,0.92706,0.09273
00008189,1.93220,0.17791
00008190,3.52772,0.52967
00008191,0.60662,0.04765
00008192,0.56509,0.04634
00008193,0.74097,0.04068
00008194,0.37434,0.02762
00008195,2.34370,0.23945
00008196,0.79175,0.07616
00008197,1.00884,0.08332
00008198,0.33408,0.02902
00008199,0.88187,0.06489
00008200,2.60870,0.27958
00008201,0.92881,0.08446
00008202,0.45408,0.02704
00008203,0.65002,0.05011
00008204,0.60309,0.04452
00008205,0.54984,0.03769
00008206,0.82173,0.05290
00008207,0.83446,0.07796
00008208,0.52590,0.03603
00008209,0.34931,0.02380
00008210,0.32962,0.02497
00008211,0.87949,0.06948
00008212,0.53156,0.02752
00008213,0.98338,0.07009
00008214,0.50371,0.02717
00008215,0.65371,0.05350
00008216,0.41964,0.02608
00008217,0.72520,0.05763
00008218,0.66283,0.03806
00008219,1.35150,0.12460
00008220,1.77442,0.16239
00008221,0.42574,0.03823
00008222,0.25685,0.02222
00008223,0.81174,0.04669
00008224,0.24382,0.02358
00008225,0.87559,0.05955
00008226,1.16307,0.08342
00008227,0.30481,0.02694
00008228,0.82987,0.06003
00008229,0.41079,0.02570
00008230,0.35654,0.02980
00008231,0.48720,0.02784
00008232,0.35433,0.02333
00008233,0.38758,0.02891
00008234,0.20511,0.02337
00008235,1.14793,0.09907
00008236,0.44921,0.03869
00008237,0.33303,0.02240
00008238,0.53635,0.03891
00008239,0.38224,0.02985
00008240,0.45144,0.04086
00008241,0.65507,0.04718
00008242,0.79879,0.04464
00008243,0.30296,0.02875
00008244,0.99028,0.07223
00008245,0.34184,0.03163
00008246,0.41776,0.02945
00008247,0.44254,0.04166
00008248,0.66613,0.04322
00008249,0.60110,0.03962
00008250,0.28471,0.02426
00008251,0.28346,0.02542
00008252,1.63155,0.18318
00008253,0.80281,0.04438
00008254,0.49127,0.04827
00008255,0.39247,0.02684
00008256,0.47993,0.02837
00008257,0.73690,0.05036
00008258,1.73192,0.22213
00008259,0.56213,0.03818
00008260,0.36083,0.02328
00008261,0.64796,0.04014
00008262,0.90667,0.10219
00008263,0.58083,0.05260
00008264,0.42259,0.02681
00008265,0.89051,0.05468
00008266,0.80097,0.06468
00008267,0.35929,0.02889
00008268,0.63181,0.05810
00008269,0.71254,0.05623
00008270,0.70867,0.04285
00008271,0.70042,0.03713
00008272,0.59600,0.04021
00008273,0.45343,0.03849
00008274,0.55237,0.03332
00008275,0.82490,0.07933
00008276,0.65107,0.03842
00008277,0.24206,0.02974
00008278,2.68314,0.25663
00008279,1.59350,0.14695
00008280,0.40804,0.02273
00008281,0.85682,0.05319
00008282,0.47661,0.03407
00008283,1.63425,0.14734
00008284,0.96760,0.05895
00008285,0.28609,0.02730
00008286,0.44591,0.02336
00008287,0.78583,0.04641
00008288,0.69245,0.03730
00008289,0.94623,0.09690
00008290,1.79074,0.15902
00008291,0.53525,0.04573
00008292,0.46361,0.02734
00008293,0.69147,0.03769
00008294,0.87027,0.05761
00008295,1.27340,0.10573
00008296,1.20268,0.09421
00008297,0.23001,0.02322
00008298,1.15392,0.08039
00008299,1.71651,0.22487
00008300,0.51817,0.03023
00008301,0.51849,0.03206
00008302,0.24478,0.02336
00008303,0.26586,0.02732
00008304,0.70129,0.05169
00008305,0.64850,0.04149
00008306,0.68678,0.05257
00008307,0.34324,0.02721
00008308,0.41444,0.02616
00008309,0.30720,0.02105
00008310,2.32430,0.25894
00008311,0.61194,0.03998
00008312,0.52481,0.03906
00008313,0.96423,0.06549
00008314,0.74232,0.06491
00008315,0.30333,0.02951
00008316,0.40825,0.02727
00008317,0.95812,0.06120
00008318,1.21254,0.08924
00008319,0.53271,0.03658
00008320,0.46224,0.02675
00008321,1.71247,0.15785
00008322,0.44798,0.03575
00008323,1.94509,0.29889
00008324,0.53624,0.02884
00008325,0.29895,0.02249
00008326,0.84335,0.06769
00008327,0.66241,0.04743
00008328,1.06551,0.08936
00008329,0.24304,0.02354
00008330,0.97704,0.06432
00008331,0.40694,0.05107
00008332,1.22024,0.09220
00008333,0.83331,0.05719
00008334,0.29107,0.02083
00008335,1.71666,0.15288
00008336,0.76393,0.04485
00008337,0.50913,0.02578
00008338,0.47650,0.03392
00008339,3.31670,0.45830
00008340,0.46629,0.02829
00008341,0.24352,0.02619
00008342,1.05036,0.13418
00008343,1.39875,0.13588
00008344,0.43305,0.02441
00008345,0.57815,0.03535
00008346,0.66723,0.05255
00008347,0.91973,0.07311
00008348,0.29602,0.05535
00008349,0.42841,0.02438
00008350,1.14813,0.08389
00008351,0.53901,0.03890
00008352,0.48050,0.03183
00008353,1.31862,0.10448
00008354,1.53479,0.17885
00008355,0.34973,0.02889
00008356,0.37346,0.02137
00008357,0.90460,0.05678
00008358,0.78265,0.04718
00008359,0.78782,0.05509
00008360,1.17042,0.07725
00008361,0.32275,0.02149
00008362,0.49447,0.02882
00008363,0.75785,0.05581
00008364,0.40200,0.02294
00008365,0.41962,0.02349
00008366,0.87104,0.05803
00008367,0.63375,0.04054
00008368,0.73647,0.05037
00008369,0.60676,0.03582
00008370,1.46174,0.11774
00008371,0.62399,0.04206
00008372,0.68852,0.05269
00008373,0.43057,0.02439
00008374,0.32561,0.02171
00008375,0.40544,0.02667
00008376,0.44774,0.02656
00008377,0.47525,0.03295
00008378,0.70726,0.04343
00008379,0.29685,0.02627
00008380,0.92055,0.07806
00008381,1.28335,0.10653
00008382,0.28189,0.02602
00008383,0.71144,0.04482
00008384,0.54028,0.04034
00008385,0.53528,0.03086
00008386,0.57315,0.03152
00008387,0.57791,0.03308
00008388,0.67687,0.03533
00008389,1.24588,0.09492
00008390,0.25352,0.02090
00008391,0.30773,0.02359
00008392,1.02312,0.07775
00008393,0.23693,0.02162
00008394,1.66475,0.14259
00008395,1.39316,0.11313
00008396,0.45446,0.03328
00008397,2.00031,0.21528
00008398,1.00060,0.07287
00008399,0.55858,0.03442
00008400,1.08198,0.08831
00008401,0.79864,0.05659
00008402,1.38176,0.11260
00008403,1.64559,0.22944
00008404,0.59268,0.04139
00008405,0.63628,0.05695
00008406,0.78771,0.06323
00008407,1.03021,0.07495
00008408,0.18277,0.02013
00008409,0.43699,0.03730
00008410,1.13697,0.08332
00008411,0.37331,0.02151
00008412,0.96654,0.09491
00008413,0.70375,0.04991
00008414,0.21873,0.02235
00008415,1.56981,0.18284
00008416,0.19585,0.02438
00008417,0.95834,0.07591
00008418,0.58410,0.03183
00008419,0.40129,0.03129
00008420,0.48720,0.02677
00008421,0.74048,0.04423
00008422,0.30240,0.02655
00008423,0.31850,0.02534
00008424,0.99150,0.07495
00008425,1.72839,0.16913
00008426,0.47837,0.03846
00008427,1.64703,0.18243
00008428,0.46074,0.03053
00008429,0.58342,0.04361
00008430,0.31458,0.02334
00008431,0.38540,0.02718
00008432,0.40553,0.02607
00008433,0.41762,0.02820
00008434,1.29260,0.11521
00008435,0.32523,0.02261
00008436,0.60413,0.03228
00008437,0.48372,0.03261
00008438,0.50969,0.02901
00008439,1.22492,0.10118
00008440,0.28779,0.02417
00008441,1.66037,0.14409
00008442,0.32331,0.02324
00008443,0.19792,0.02107
00008444,0.80466,0.08255
00008445,0.49358,0.03777
00008446,1.07323,0.07266
00008447,0.26289,0.02264
00008448,0.24927,0.02242
00008449,0.22728,0.02270
00008450,0.90914,0.08370
00008451,0.88710,0.06293
00008452,0.28245,0.03292
00008453,0.93186,0.06578
00008454,2.06235,0.21315
00008455,0.52770,0.02779
00008456,0.68396,0.07315
00008457,0.47266,0.03401
00008458,1.51609,0.13376
00008459,0.56525,0.03459
00008460,0.98852,0.10178
00008461,0.30906,0.02959
00008462,0.37587,0.02772
00008463,0.29813,0.02232
00008464,0.30466,0.02154
00008465,0.83406,0.06091
00008466,0.65822,0.14954
00008467,0.67974,0.03828
00008468,0.68999,0.04376
00008469,0.85612,0.06431
00008470,0.58869,0.03324
00008471,0.83671,0.06319
00008472,0.56003,0.06574
00008473,0.88244,0.06309
00008474,0.37060,0.02112
00008475,0.43311,0.02449
00008476,0.61607,0.03314
00008477,0.45813,0.03186
00008478,0.40849,0.02631
00008479,0.81725,0.04859
00008480,0.38233,0.02910
00008481,0.60448,0.04061
00008482,0.44103,0.03485
00008483,0.82935,0.06461
00008484,2.12663,0.20893
00008485,0.83412,0.05913
00008486,0.27829,0.02305
00008487,0.94011,0.06335
00008488,0.32695,0.02807
00008489,0.26402,0.04132
00008490,0.25233,0.04323
00008491,0.45942,0.02776
00008492,0.99954,0.09687
00008493,0.72022,0.04708
00008494,1.05678,0.08408
00008495,0.38901,0.02317
00008496,0.61234,0.04286
00008497,0.39163,0.03469
00008498,0.89439,0.06237
00008499,1.74321,0.13549
00008500,1.36164,0.12180
00008501,0.76363,0.05515
00008502,0.55004,0.03190
00008503,0.47124,0.05739
00008504,0.33618,0.03103
00008505,0.53701,0.04258
00008506,0.90078,0.06934
00008507,0.34640,0.02898
00008508,0.39973,0.02825
00008509,0.66999,0.05494
00008510,0.36782,0.03174
00008511,0.63944,0.05039
00008512,0.64434,0.04472
00008513,0.46418,0.03049
00008514,0.62052,0.03790
00008515,0.88981,0.10100
00008516,0.94931,0.06075
00008517,2.19568,0.24911
00008518,2.89143,0.32505
00008519,0.48872,0.02729
00008520,1.16168,0.09445
00008521,0.32832,0.02363
00008522,0.58241,0.03396
00008523,1.77915,0.16890
00008524,1.13400,0.12228
00008525,0.44787,0.02547
00008526,0.60512,0.04416
00008527,0.62487,0.03695
00008528,1.04040,0.07815
00008529,0.25931,0.02609
00008530,0.57659,0.04017
00008531,0.73193,0.04313
00008532,1.05722,0.13555
00008533,0.51988,0.04322
00008534,0.50361,0.03748
00008535,0.32197,0.02825
00008536,0.62073,0.03762
00008537,0.70751,0.04610
00008538,0.57004,0.04619
00008539,0.43351,0.02707
00008540,0.67411,0.03761
00008541,0.79000,0.04597
00008542,0.65993,0.06331
00008543,0.96850,0.07442
00008544,0.52111,0.05165
00008545,0.99453,0.07375
00008546,0.22468,0.02192
00008547,2.46459,0.28584
00008548,0.91801,0.05755
00008549,0.36942,0.02330
00008550,0.55783,0.02982
00008551,0.50062,0.04013
00008552,0.81077,0.05175
00008553,1.58163,0.12925
00008554,1.57218,0.12864
00008555,0.49592,0.03314
00008556,0.28168,0.02478
00008557,0.87370,0.05510
00008558,1.16803,0.10638
00008559,1.79223,0.16915
00008560,2.65762,0.27955
00008561,0.23119,0.03017
00008562,0.47557,0.03340
00008563,0.56213,0.03841
00008564,0.48924,0.02524
00008565,1.40437,0.13967
00008566,1.35792,0.10888
00008567,0.47400,0.02404
00008568,0.62956,0.03842
00008569,0.26046,0.04327
00008570,0.88916,0.06163
00008571,0.60023,0.03998
00008572,0.26110,0.02603
00008573,0.65996,0.04636
00008574,0.63538,0.04193
00008575,0.99193,0.06816
00008576,0.54419,0.03800
00008577,0.92894,0.07383
00008578,0.57879,0.04672
00008579,1.30342,0.12204
00008580,0.59363,0.03601
00008581,0.72353,0.05385
00008582,0.87416,0.06594
00008583,0.66982,0.04818
00008584,1.38406,0.10862
00008585,0.58475,0.03132
00008586,0.91084,0.06060
00008587,0.61571,0.04170
00008588,0.42976,0.03131
00008589,0.24821,0.02240
00008590,0.60532,0.03633
00008591,0.35141,0.02563
00008592,1.33166,0.10168
00008593,0.42300,0.03257
00008594,1.17789,0.10819
00008595,0.43080,0.02934
00008596,0.92678,0.07315
00008597,1.55636,0.11550
00008598,0.83858,0.05620
00008599,1.28561,0.09547
00008600,1.15986,0.07941
00008601,1.54020,0.12419
00008602,0.39990,0.02951
00008603,0.83192,0.04634
00008604,0.61845,0.03235
00008605,0.25217,0.02919
00008606,1.34740,0.10002
00008607,0.47884,0.03344
00008608,0.30109,0.02651
00008609,0.96206,0.07481
00008610,0.87694,0.06133
00008611,0.55512,0.03870
00008612,0.41949,0.02573
00008613,0.28142,0.01958
00008614,0.56714,0.03866
00008615,0.46378,0.02824
00008616,0.53506,0.03459
00008617,0.89080,0.05680
00008618,0.59569,0.04007
00008619,1.24744,0.12830
00008620,0.36080,0.03097
00008621,0.23765,0.02517
00008622,0.45769,0.02590
00008623,0.54951,0.03135
00008624,1.30615,0.10528
00008625,0.28720,0.02581
00008626,1.02388,0.06691
00008627,0.35110,0.02867
00008628,1.84784,0.15216
00008629,0.63867,0.05521
00008630,0.49352,0.04208
00008631,2.02910,0.22366
00008632,0.57319,0.03381
00008633,0.41721,0.03042
00008634,0.53519,0.03255
00008635,1.82455,0.16996
00008636,0.40768,0.02999
00008637,0.92014,0.37449
00008638,0.83647,0.06176
00008639,1.14630,0.19963
00008640,0.50976,0.02795
00008641,1.19795,0.13057
00008642,2.12287,0.19234
00008643,0.94792,0.07864
00008644,0.27211,0.03355
00008645,0.88583,0.06985
00008646,0.29059,0.02322
00008647,0.34735,0.02345
00008648,0.48606,0.02660
00008649,0.66860,0.06340
00008650,0.51809,0.03040
00008651,2.06541,0.17002
00008652,0.49685,0.03531
00008653,0.47844,0.03054
00008654,0.52273,0.03656
00008655,0.42606,0.03544
00008656,0.90986,0.09247
00008657,0.37471,0.02299
00008658,1.31495,0.10646
00008659,1.54552,0.13841
00008660,0.85022,0.08369
00008661,0.74758,0.04806
00008662,0.82839,0.05607
00008663,1.23004,0.08855
00008664,0.89130,0.05858
00008665,0.35427,0.02418
00008666,0.41273,0.02473
00008667,1.20669,0.09267
00008668,0.89918,0.09447
00008669,1.69525,0.42581
00008670,0.57262,0.04876
00008671,0.28864,0.02751
00008672,0.70357,0.05166
00008673,0.41669,0.02666
00008674,0.97788,0.09516
00008675,2.07515,0.20161
00008676,0.83254,0.07383
00008678,0.71241,0.03996
00008679,1.07212,0.09307
00008680,1.27997,0.10346
00008681,0.98432,0.07696
00008682,0.76063,0.04906
00008683,1.08048,0.08207
00008684,0.70163,0.04872
00008685,2.24032,0.31668
00008686,0.84965,0.06079
00008687,0.70699,0.04784
00008688,1.32167,0.09811
00008689,0.65787,0.04107
00008690,0.79809,0.04938
00008691,0.32019,0.02919
00008692,0.62787,0.03960
00008693,0.49108,0.05027
00008694,0.32526,0.02347
00008695,0.71115,0.04447
00008696,0.83998,0.04913
00008697,0.60677,0.04735
00008698,0.60277,0.03365
00008699,0.32980,0.02742
00008700,0.67561,0.04704
00008701,0.67046,0.05483
00008702,0.68555,0.03978
00008703,0.41390,0.02550
00008704,0.28536,0.02201
00008705,0.85096,0.06035
00008706,0.28695,0.02390
00008707,1.04943,0.10436
00008708,0.86808,0.06849
00008709,0.56533,0.04161
00008710,0.76148,0.06217
00008711,0.35461,0.02312
00008712,0.66168,0.04525
00008713,1.67873,0.18854
00008714,0.37396,0.02852
00008715,0.34330,0.02707
00008716,0.62390,0.03540
00008717,1.90345,0.17788
00008718,0.20288,0.02680
00008719,0.45854,0.05690
00008720,0.62295,0.04569
00008721,1.42841,0.19213
00008722,0.56530,0.03732
00008723,0.20468,0.02614
00008724,0.68629,0.03833
00008725,0.51445,0.03616
00008726,1.26438,0.09017
00008727,1.47415,0.13762
00008728,0.50186,0.03527
00008729,0.33325,0.02121
00008730,1.56190,0.12535
00008731,0.59794,0.03120
00008732,0.25349,0.02070
00008733,0.51216,0.04499
00008734,0.52565,0.12500
00008735,0.22615,0.02290
00008736,0.31416,0.02145
00008737,1.44571,0.21179
00008738,0.89219,0.06437
00008739,1.26349,0.11051
00008740,0.26734,0.02215
00008741,0.30370,0.02236
00008742,0.37273,0.02539
00008743,0.49559,0.04113
00008744,1.54699,0.16486
00008745,1.03017,0.07151
00008746,0.25339,0.02069
00008747,1.46581,0.11007
00008748,0.46869,0.02688
00008749,0.50635,0.03484
00008750,0.73817,0.04626
00008751,0.86861,0.05344
00008752,0.86075,0.05960
00008753,0.21527,0.02117
00008755,0.74447,0.04110
00008756,0.38335,0.02950
00008757,0.72934,0.04458
00008758,0.52404,0.03267
00008759,0.58997,0.05554
00008760,1.04548,0.08330
00008761,0.89795,0.05920
00008762,0.67276,0.04544
00008763,0.49194,0.02738
00008764,0.23296,0.02126
00008765,0.51577,0.03586
00008766,0.25261,0.02247
00008767,0.53179,0.04206
00008768,0.57786,0.03463
00008769,0.27858,0.02344
00008770,0.94578,0.06575
00008771,0.59076,0.06586
00008772,1.23737,0.10608
00008773,0.41509,0.02454
00008774,1.62168,0.18351
00008775,1.10789,0.07428
00008776,0.39838,0.03272
00008777,0.94402,0.07843
00008778,1.50840,0.11487
00008779,0.38243,0.03319
00008780,0.67815,0.05371
00008781,0.63704,0.05442
00008782,0.65240,0.04634
00008783,0.99816,0.07883
00008784,0.57745,0.03328
00008785,0.63096,0.04327
00008786,2.18726,0.25126
00008787,0.94898,0.13849
00008788,0.76665,0.04704
00008789,0.66735,0.05263
00008790,0.78593,0.04695
00008791,0.89072,0.05871
00008792,0.73866,0.04626
00008793,2.03681,0.19311
00008794,0.21441,0.02177
00008795,0.67041,0.04215
00008796,1.92011,0.16819
00008797,0.49688,0.02588
00008798,0.58219,0.03544
00008799,0.70517,0.06057
00008800,1.05683,0.20118
00008801,0.80919,0.08002
00008802,1.63917,0.14937
00008803,0.52271,0.03021
00008804,0.22432,0.02066
00008805,0.67244,0.04532
00008806,1.55195,0.13625
00008807,0.31769,0.02566
00008808,0.48157,0.03770
00008809,0.88245,0.06151
00008810,0.55131,0.03670
00008811,0.51760,0.05111
00008812,1.17667,0.10189
00008813,0.62217,0.05277
00008814,0.69487,0.05021
00008815,1.20813,0.11411
00008816,0.45617,0.02974
00008817,0.47249,0.02716
00008818,0.75304,0.05572
00008819,0.75629,0.05086
00008820,0.47458,0.02920
00008821,0.66763,0.04486
00008822,0.92632,0.06252
00008823,0.45215,0.02991
00008824,0.55184,0.02895
00008825,0.44175,0.02583
00008826,0.81177,0.04399
00008827,0.46855,0.03276
00008828,0.51598,0.02853
00008829,0.33703,0.03087
00008830,0.90438,0.05553
00008831,0.56283,0.03467
00008832,0.87894,0.06948
00008833,1.13351,0.10433
00008834,0.52546,0.02855
00008835,0.55174,0.03538
00008836,0.71984,0.04146
00008837,0.97189,0.09640
00008838,0.37240,0.03676
00008839,1.71876,0.16529
00008840,0.64975,0.03848
00008841,0.84047,0.07541
00008842,0.98005,0.09872
00008843,2.60288,0.26768
00008844,0.75396,0.04634
00008845,0.27403,0.02424
00008846,0.71014,0.06540
00008847,0.81622,0.05452
00008848,0.36701,0.02897
00008849,1.42961,0.11621
00008850,0.86621,0.06431
00008851,0.34439,0.02305
00008852,0.22056,0.02606
00008853,0.35760,0.02436
00008854,0.86883,0.05644
00008855,2.36043,0.26931
00008856,0.52213,0.03016
00008857,0.74663,0.07861
00008858,0.76353,0.06382
00008859,1.87630,0.16742
00008860,0.87390,0.05860
00008861,0.53024,0.03132
00008862,1.96623,0.16919
00008863,0.68663,0.05556
00008864,1.03005,0.08467
00008865,1.93874,0.47919
00008866,0.69929,0.06986
00008867,0.52283,0.03980
00008868,0.35722,0.02766
00008869,0.61091,0.03198
00008870,0.39307,0.02751
00008871,0.25766,0.02458
00008872,0.60771,0.03474
00008873,0.98493,0.06852
00008874,0.46639,0.02646
00008875,0.98544,0.06468
00008876,0.63563,0.05259
00008877,1.24644,0.08726
00008878,0.49531,0.04394
00008879,0.72621,0.07211
00008880,1.23218,0.08005
00008881,1.64378,0.14293
00008882,0.37908,0.02278
00008883,0.28070,0.02098
00008884,1.18858,0.16444
00008885,0.88278,0.06391
00008886,0.20616,0.03394
00008887,0.70634,0.03789
00008888,1.05741,0.28332
00008889,0.87117,0.05403
00008890,1.84483,0.22240
00008891,1.17672,0.10422
00008892,0.45946,0.02769
00008893,0.53462,0.03017
00008894,0.80584,0.06708
00008895,0.58089,0.04858
00008896,0.46185,0.02777
00008897,0.79279,0.05912
00008898,1.05224,0.08135
00008899,0.63942,0.03716
00008900,1.96318,0.19581
00008901,0.47863,0.03769
00008902,0.22527,0.02751
00008903,0.50459,0.02999
00008904,0.60491,0.04007
00008905,0.36664,0.02636
00008906,0.51070,0.03568
00008907,0.97893,0.08949
00008908,0.49757,0.02870
00008909,0.52990,0.03183
00008910,0.68714,0.04503
00008911,1.28752,0.11812
00008912,0.69080,0.04608
00008913,0.32519,0.02315
00008914,0.65256,0.04666
00008915,0.32551,0.02066
00008916,0.79958,0.05204
00008917,0.44380,0.02743
00008918,0.27069,0.02404
00008919,0.69057,0.05720
00008920,0.50487,0.03015
00008921,0.69283,0.04158
00008922,1.02537,0.07219
00008923,0.67383,0.10242
00008924,0.68045,0.03636
00008925,0.50669,0.03429
00008926,0.70329,0.04822
00008927,0.80170,0.05290
00008928,1.76778,0.18676
00008929,0.18892,0.01927
00008930,0.53946,0.03303
00008931,0.29515,0.02517
00008932,0.99685,0.06556
00008933,2.18977,0.21911
00008934,0.28899,0.02342
00008935,1.96515,0.16379
00008936,0.45690,0.04257
00008937,1.32690,0.09847
00008938,0.29036,0.02768
00008939,1.17860,0.10953
00008940,0.91045,0.08129
00008941,0.71238,0.05361
00008942,0.59245,0.03886
00008943,1.07808,0.10971
00008944,0.65262,0.03489
00008945,0.57206,0.04216
00008946,0.90003,0.06257
00008947,0.43376,0.02546
00008948,1.20816,0.08789
00008949,2.30303,0.27270
00008950,0.25564,0.02242
00008951,0.23132,0.05845
00008952,0.32077,0.02475
00008953,0.94429,0.06042
00008954,2.50664,0.30825
00008955,0.78658,0.05851
00008956,1.07568,0.10684
00008957,0.50658,0.03897
00008958,0.83148,0.05259
00008959,1.72139,0.14912
00008960,0.93218,0.06108
00008961,1.37991,0.13905
00008962,0.36670,0.02417
00008963,1.34652,0.10375
00008964,0.76406,0.05461
00008965,0.95924,0.09060
00008966,0.64533,0.03856
00008967,0.66056,0.04662
00008968,0.26323,0.02443
00008969,3.25580,0.39924
00008970,0.65559,0.04972
00008971,0.29984,0.02678
00008972,1.00056,0.12218
00008973,1.11352,0.07320
00008974,0.42711,0.02372
00008975,1.63775,0.14884
00008976,0.58647,0.03741
00008977,0.47284,0.02672
00008978,0.35833,0.02721
00008979,1.34856,0.10170
00008980,0.52483,0.05191
00008981,0.63313,0.04049
00008982,0.43404,0.02704
00008983,1.46470,0.11188
00008984,1.42110,0.11282
00008985,0.47653,0.02755
00008986,0.98119,0.19913
00008987,1.22288,0.13290
00008988,0.33363,0.02519
00008989,0.51097,0.03956
00008990,1.07412,0.07060
00008991,0.74427,0.04353
00008992,0.52486,0.04947
00008993,0.63803,0.04236
00008994,0.77187,0.04804
00008995,0.47331,0.02706
00008996,0.22661,0.03011
00008997,0.43411,0.02371
00008998,0.50037,0.03676
00008999,1.32621,0.11897
00009000,1.56936,0.18203
00009001,0.26074,0.02650
00009002,0.54833,0.04057
00009003,0.34573,0.02549
00009004,0.61254,0.03127
00009005,0.43253,0.02683
00009006,1.45718,0.13590
00009007,0.61671,0.04437
00009008,0.40296,0.02310
00009009,0.56047,0.04473
00009010,0.74348,0.04194
00009011,0.55824,0.03274
00009012,0.64852,0.04061
00009013,0.69456,0.04431
00009014,0.72015,0.04962
00009015,1.10988,0.11867
00009016,0.49852,0.02856
00009017,0.75841,0.05235
00009018,0.57721,0.03085
00009019,0.56388,0.03036
00009020,0.65032,0.03535
00009021,0.45001,0.03057
00009022,0.49162,0.03846
00009023,2.05222,0.18798
00009024,0.62518,0.03612
00009025,0.66046,0.04161
00009026,0.26299,0.02361
00009027,0.56820,0.04470
00009028,0.52282,0.03098
00009029,0.76417,0.04370
00009030,0.44885,0.02629
00009031,0.88020,0.06241
00009032,0.68939,0.03798
00009033,0.46965,0.03082
00009034,0.26262,0.02297
00009035,0.42357,0.02639
00009036,1.67518,0.18385
00009037,0.42647,0.02703
00009038,0.26280,0.02339
00009039,2.65755,0.31838
00009040,1.32748,0.10160
00009041,1.30272,0.10895
00009042,0.48842,0.03909
00009043,0.44982,0.03215
00009044,0.54851,0.04007
00009045,0.73222,0.04974
00009046,0.36898,0.02239
00009047,1.01670,0.07076
00009048,0.29643,0.02203
00009049,1.13866,0.10911
00009050,0.92584,0.07134
00009051,0.44328,0.03515
00009052,2.20608,0.20609
00009053,0.91861,0.10956
00009054,0.30773,0.02847
00009055,2.12038,0.26063
00009056,0.26107,0.02454
00009057,0.74824,0.05275
00009058,0.36453,0.02530
00009059,0.60379,0.05113
00009060,0.34980,0.02665
00009061,0.92948,0.14631
00009062,1.41821,0.12579
00009063,0.43737,0.02554
00009064,1.00039,0.08622
00009065,0.86241,0.06850
00009066,0.22468,0.02298
00009067,0.48127,0.02954
00009068,1.38655,0.11397
00009069,0.24901,0.02133
00009070,0.60362,0.03288
00009071,0.26126,0.02000
00009072,0.50204,0.02936
00009073,0.74632,0.05386
00009074,2.92342,0.41912
00009075,0.77274,0.04530
00009076,0.42708,0.05942
00009077,0.39099,0.02513
00009078,0.41712,0.03700
00009079,0.81406,0.08392
00009080,0.51112,0.03485
00009081,0.72571,0.03724
00009082,0.97263,0.07860
00009083,0.61291,0.03386
00009084,0.61741,0.03437
00009085,0.76241,0.05487
00009086,0.52555,0.03363
00009087,0.52070,0.03593
00009088,2.03101,0.23549
00009089,0.59993,0.03676
00009090,0.44015,0.02808
00009091,0.46963,0.02997
00009092,0.57029,0.03620
00009093,0.58143,0.02931
00009094,2.85096,0.32561
00009095,0.42770,0.02264
00009096,0.34381,0.02618
00009097,0.69450,0.04698
00009098,1.32905,0.29445
00009099,0.47305,0.02711
00009100,1.17388,0.09516
00009101,0.35638,0.02218
00009102,0.89806,0.07044
00009103,1.91880,0.18956
00009104,0.74208,0.04779
00009105,0.48509,0.03196
00009106,0.55615,0.03356
00009107,0.68834,0.04451
00009108,0.50801,0.03534
00009109,1.13288,0.11122
00009110,0.28370,0.02139
00009111,0.68276,0.04004
00009112,0.57925,0.04088
00009113,0.82660,0.05017
00009114,1.09221,0.09084
00009115,0.51301,0.02862
00009116,0.72389,0.04846
00009117,0.80017,0.06222
00009118,0.61192,0.03588
00009119,1.60067,0.15100
00009120,0.81359,0.06636
00009121,0.31149,0.02688
00009122,0.70531,0.04428
00009123,1.17175,0.08404
00009124,0.28671,0.02533
00009125,1.17726,0.08846
00009126,0.27967,0.02439
00009127,0.65662,0.03861
00009128,0.41270,0.02555
00009129,0.80230,0.06142
00009130,0.95760,0.06588
00009131,1.73317,0.17819
00009132,1.14001,0.09402
00009133,0.83133,0.08239
00009134,0.84283,0.06024
00009135,0.35484,0.03517
00009136,1.57515,0.12344
00009137,0.33170,0.02103
00009138,1.58669,0.15112
00009139,0.51047,0.03299
00009140,0.71947,0.05000
00009141,0.73107,0.05468
00009142,0.50225,0.03001
00009143,1.84205,0.15679
00009144,0.24081,0.02050
00009145,0.38658,0.03000
00009146,1.33212,0.10069
00009147,0.35564,0.02302
00009148,0.61731,0.03730
00009149,0.22945,0.03772
00009150,0.24446,0.02467
00009151,1.23804,0.09540
00009152,0.46270,0.04274
00009153,0.28392,0.02317
00009154,0.42302,0.02709
00009155,0.59944,0.03107
00009156,1.59087,0.16658
00009157,2.34570,0.24668
00009158,0.36633,0.02633
00009159,0.34979,0.02696
00009160,0.67399,0.04475
00009161,0.81796,0.11944
00009162,0.38848,0.04163
00009163,0.83306,0.05335
00009164,0.72353,0.04615
00009165,0.55883,0.03809
00009166,1.09797,0.09875
00009167,0.59136,0.03404
00009168,0.29257,0.02459
00009169,0.79475,0.04744
00009170,0.47948,0.02890
00009171,0.51994,0.03558
00009172,0.49478,0.02704
00009173,0.28057,0.02991
00009174,0.49983,0.03269
00009175,0.32958,0.02567
00009176,0.52226,0.02937
00009177,0.95485,0.09971
00009178,0.94649,0.06847
00009179,1.07124,0.07204
00009180,0.41811,0.02511
00009181,0.79897,0.04879
00009182,1.59069,0.25339
00009183,0.31098,0.02820
00009184,0.42283,0.02527
00009185,0.47756,0.03396
00009186,0.46036,0.03879
00009187,1.00570,0.06793
00009188,0.77366,0.05615
00009189,0.36820,0.02428
00009190,2.14516,0.23316
00009191,0.92038,0.07297
00009192,0.27758,0.04074
00009193,0.59464,0.04386
00009194,1.22544,0.11894
00009195,1.04926,0.16080
00009196,1.05025,0.12992
00009197,0.76993,0.05291
00009198,0.43608,0.03802
00009199,0.63794,0.06056
00009200,0.31520,0.02488
00009201,0.52913,0.05373
00009202,0.50158,0.03576
00009203,0.50730,0.03088
00009204,2.08317,0.27946
00009205,0.80594,0.05198
00009206,0.47197,0.03499
00009207,0.73715,0.04327
00009208,0.38098,0.02984
00009209,1.11860,0.08081
00009210,0.84627,0.08629
00009211,1.99173,0.23922
00009212,1.66400,0.26306
00009213,0.71344,0.04515
00009214,0.47767,0.02680
00009215,0.46832,0.03495
00009216,0.48662,0.03016
00009217,0.47222,0.02728
00009218,0.79653,0.06474
00009219,0.38262,0.03103
00009220,0.35339,0.04279
00009221,0.44362,0.02413
00009222,0.25838,0.02523
00009223,0.59674,0.05157
00009224,0.72706,0.05334
00009225,0.28689,0.02171
00009226,0.31757,0.02172
00009227,0.40479,0.04146
00009228,0.71278,0.05766
00009229,0.61731,0.04062
00009230,0.42439,0.02743
00009231,1.55580,0.11884
00009232,1.28555,0.09203
00009233,1.71677,0.21268
00009234,0.41361,0.02584
00009235,0.41622,0.02321
00009236,0.31975,0.02537
00009237,0.67362,0.03921
00009238,1.13253,0.08419
00009239,0.24107,0.02275
00009240,0.77314,0.05579
00009241,0.45322,0.04041
00009242,0.22559,0.02763
00009243,1.11321,0.08021
00009244,0.67566,0.04758
00009245,0.69409,0.05378
00009246,0.63347,0.03825
00009247,0.82344,0.04717
00009248,0.22895,0.02427
00009249,0.68423,0.04779
00009250,0.27908,0.02380
00009251,1.04079,0.08408
00009252,0.76016,0.05318
00009253,0.76816,0.04983
00009254,0.96847,0.14937
00009255,2.40641,0.26926
00009256,0.31758,0.02422
00009257,0.25420,0.02280
00009258,1.80595,0.16556
00009259,1.96236,0.20543
00009260,0.25414,0.02525
00009261,0.78231,0.06368
00009262,0.28579,0.02413
00009263,1.90529,0.17939
00009264,0.41913,0.03208
00009265,0.68720,0.03614
00009266,0.48093,0.03003
00009267,0.34633,0.02345
00009268,0.19226,0.02316
00009269,1.69810,0.14489
00009270,0.75081,0.05705
00009271,0.84975,0.05392
00009272,0.91757,0.06007
00009273,0.48327,0.02915
00009274,0.56016,0.03683
00009275,0.86661,0.06524
00009276,0.83521,0.05524
00009277,0.69543,0.06202
00009278,1.44658,0.12522
00009279,0.72641,0.04594
00009280,0.35217,0.02144
00009281,0.46412,0.02879
00009282,0.44817,0.03662
00009283,0.56353,0.03236
00009284,0.34766,0.03152
00009285,0.68454,0.04435
00009286,0.55979,0.04602
00009287,0.57596,0.03872
00009288,0.57326,0.04518
00009289,0.23889,0.02324
00009290,0.56727,0.05828
00009291,0.30803,0.02438
00009292,0.44216,0.03283
00009293,0.50378,0.04296
00009294,0.50395,0.03590
00009295,0.80058,0.07348
00009296,0.45688,0.03096
00009297,0.17618,0.01876
00009298,0.85656,0.13442
00009299,0.62381,0.05559
00009300,1.06493,0.09774
00009301,1.37135,0.09789
00009302,2.90611,0.38589
00009303,0.68370,0.04108
00009304,0.88795,0.05546
00009305,0.52130,0.03930
00009306,0.69277,0.04972
00009307,0.26082,0.02132
00009308,0.62808,0.03690
00009309,0.60026,0.05118
00009310,0.60632,0.03811
00009311,1.12714,0.08129
00009312,0.31700,0.02514
00009313,0.50796,0.03835
00009314,0.36098,0.02694
00009315,0.40517,0.03302
00009316,0.92531,0.06441
00009317,0.24552,0.02180
00009318,0.56988,0.03250
00009319,0.58278,0.03683
00009320,0.33173,0.02552
00009321,0.47208,0.02488
00009322,0.42332,0.02536
00009323,0.21537,0.02385
00009324,1.02845,0.10592
00009325,1.05191,0.06979
00009326,0.42323,0.02860
00009327,1.10692,0.07259
00009328,0.71295,0.04301
00009329,0.61622,0.05836
00009330,0.55513,0.04643
00009331,0.52067,0.03001
00009332,0.69953,0.05325
00009333,0.58855,0.06270
00009334,0.41331,0.02355
00009335,0.85118,0.05189
00009336,0.46993,0.02804
00009337,0.73089,0.06299
00009338,0.49066,0.02927
00009339,0.43385,0.02679
00009340,0.24320,0.02712
00009341,0.25945,0.02499
00009342,0.92245,0.07196
00009343,0.23104,0.02590
00009344,0.42765,0.02585
00009345,0.86434,0.08650
00009346,0.16710,0.01894
00009347,0.36966,0.02950
00009348,1.53949,0.15292
00009349,0.69925,0.04880
00009350,1.34922,0.12041
00009351,0.75143,0.04460
00009352,0.28188,0.03042
00009353,0.26696,0.02541
00009354,0.88108,0.06999
00009355,1.01514,0.06454
00009356,1.26849,0.15778
00009357,0.68457,0.03797
00009358,0.77312,0.04733
00009359,0.54018,0.04298
00009360,1.68125,0.14369
00009361,0.72066,0.04569
00009362,0.43800,0.02670
00009363,1.52503,0.13339
00009364,0.82390,0.06848
00009365,0.94306,0.07651
00009366,0.69560,0.04475
00009367,0.56575,0.03765
00009368,0.65986,0.03515
00009369,0.79987,0.04437
00009370,0.38102,0.02483
00009371,0.43974,0.02525
00009372,0.46870,0.03020
00009373,0.68706,0.04345
00009374,0.65494,0.04435
00009375,0.51526,0.03474
00009376,0.47666,0.03849
00009377,0.26086,0.02023
00009378,0.88522,0.07365
00009379,0.78344,0.04901
00009380,0.54337,0.04203
00009381,1.55133,0.14075
00009382,0.57182,0.04909
00009383,1.36566,0.22426
00009384,0.75286,0.05183
00009385,0.28478,0.02032
00009386,1.22306,0.09537
00009387,0.33572,0.03169
00009388,0.65486,0.03343
00009389,1.64679,0.16122
00009390,0.47621,0.02968
00009391,0.28028,0.02753
00009392,0.54509,0.03332
00009393,0.73032,0.05243
00009394,0.21507,0.02699
00009395,1.11070,0.09841
00009396,0.89080,0.09116
00009397,0.66087,0.04472
00009398,0.54759,0.03674
00009399,0.64447,0.04412
00009400,1.32508,0.14144
00009401,1.73669,0.17267
00009402,0.81261,0.05914
00009403,0.80594,0.07252
00009404,0.48919,0.02874
00009405,0.38694,0.02945
00009406,1.38855,0.12168
00009407,0.50551,0.03197
00009408,0.52879,0.04074
00009409,0.53799,0.02650
00009410,0.85213,0.05924
00009411,0.33019,0.02228
00009412,0.79605,0.05764
00009413,0.40990,0.02848
00009414,0.65621,0.04646
00009415,0.59730,0.05681
00009416,0.91268,0.06553
00009417,1.06879,0.07720
00009418,0.43353,0.02564
00009419,0.32024,0.02210
00009420,1.21128,0.09312
00009421,1.39111,0.13729
00009422,0.36769,0.03243
00009423,0.44432,0.02711
00009424,1.56192,0.16432
00009425,1.31886,0.12258
00009426,0.67417,0.04754
00009427,0.28310,0.02829
00009428,0.53862,0.04251
00009429,0.72234,0.05007
00009430,0.96526,0.08389
00009432,0.30545,0.03907
00009433,0.95693,0.07061
00009434,0.93732,0.12730
00009435,1.15573,0.08298
00009436,0.35481,0.02389
00009437,0.85230,0.08625
00009438,0.70256,0.03922
00009439,1.36786,0.15257
00009440,1.29869,0.10688
00009441,0.41274,0.02602
00009442,0.25091,0.02498
00009443,1.80833,0.23845
00009444,0.37974,0.02547
00009445,0.28729,0.02667
00009446,2.09535,0.21321
00009447,0.54358,0.04355
00009448,0.46458,0.02976
00009449,0.35894,0.02392
00009450,0.57929,0.04145
00009451,0.45557,0.02821
00009452,0.47100,0.03084
00009453,0.89739,0.05448
00009454,0.37978,0.02369
00009455,2.34749,0.26383
00009456,0.68129,0.04320
00009457,1.16000,0.09761
00009458,0.67220,0.06694
00009459,0.51734,0.03670
00009460,1.53173,0.17280
00009461,0.84314,0.05605
00009462,0.20089,0.02532
00009463,0.84945,0.04792
00009464,0.58899,0.03402
00009465,1.50919,0.12466
00009466,0.37072,0.04059
00009467,0.54395,0.04434
00009468,0.26645,0.02944
00009469,0.27518,0.02394
00009470,0.50744,0.03595
00009471,0.34770,0.04266
00009472,0.19461,0.02232
00009473,0.24638,0.02362
00009474,1.04209,0.08608
00009475,1.60346,0.12009
00009476,0.30286,0.02942
00009477,1.25235,0.09640
00009478,0.66157,0.04934
00009479,0.52693,0.04065
00009480,0.33766,0.02914
00009481,0.60083,0.05639
00009482,0.39747,0.02826
00009483,1.05339,0.07400
00009484,0.89299,0.07997
00009485,1.70869,0.26148
00009486,0.73406,0.04347
00009487,0.42530,0.04159
00009488,0.50303,0.03706
00009489,1.06883,0.08034
00009490,0.36560,0.02207
00009491,0.48895,0.02683
00009492,0.77657,0.05310
00009493,0.72784,0.04839
00009494,1.99072,0.16369
00009495,0.38872,0.03196
00009496,0.59246,0.03609
00009497,0.91034,0.06161
00009498,0.40982,0.03516
00009499,1.04059,0.07821
00009500,0.37135,0.02268
00009501,0.98362,0.07880
00009502,0.50325,0.02931
00009503,0.73890,0.05810
00009504,1.92131,0.18286
00009505,0.44326,0.02921
00009506,0.80750,0.04718
00009507,0.61962,0.05141
00009508,1.06340,0.09798
00009509,1.34276,0.10982
00009510,0.61086,0.03328
00009511,0.50389,0.02837
00009512,0.35182,0.03235
00009513,0.27466,0.02476
00009514,0.55143,0.03163
00009515,0.90198,0.07972
00009516,0.35857,0.02335
00009517,0.87210,0.05967
00009518,0.57992,0.03652
00009519,0.79949,0.04146
00009520,0.59720,0.03908
00009521,0.64335,0.03976
00009522,0.40633,0.04558
00009523,1.87091,0.15982
00009524,1.72858,0.17094
00009525,0.76424,0.05272
00009526,0.58591,0.03178
00009527,1.14029,0.09389
00009528,0.58215,0.04044
00009529,0.48262,0.03794
00009530,0.93242,0.07494
00009531,0.35104,0.02599
00009532,2.14567,0.20869
00009533,0.48690,0.03184
00009534,1.06974,0.09807
00009535,2.50128,0.24526
00009536,1.82527,0.16376
00009537,1.14356,0.12847
00009538,0.69442,0.04312
00009539,0.81781,0.06118
00009540,0.53928,0.03119
00009541,1.42465,0.11537
00009542,0.48109,0.03335
00009543,0.40301,0.04496
00009544,0.87727,0.06428
00009545,0.40296,0.02905
00009546,0.30758,0.02281
00009547,0.38965,0.03007
00009548,0.38419,0.02328
00009549,0.75911,0.04608
00009550,0.39847,0.03147
00009551,1.46122,0.11088
00009552,0.69866,0.06633
00009553,1.63565,0.15307
00009554,1.11110,0.09655
00009555,0.87159,0.06027
00009556,0.70347,0.04121
00009557,0.84627,0.06962
00009558,0.47116,0.02486
00009559,1.39823,0.16741
00009560,0.63167,0.05405
00009561,0.57717,0.03822
00009562,0.18159,0.01853
00009563,0.94259,0.08722
00009564,1.08758,0.09992
00009565,0.97060,0.06747
00009566,0.27223,0.02161
00009567,0.44769,0.03414
00009568,0.37583,0.03683
00009569,0.56334,0.03846
00009570,0.68318,0.04352
00009571,0.42123,0.05856
00009572,0.98201,0.06717
00009573,0.25536,0.02148
00009574,0.38185,0.02337
00009575,0.29777,0.02167
00009576,1.04434,0.07037
00009577,1.13681,0.08582
00009578,0.64766,0.04099
00009579,1.35240,0.10753
00009580,1.13985,0.08211
00009581,0.41114,0.02447
00009582,0.18596,0.02050
00009583,0.76872,0.06269
00009584,0.23990,0.02230
00009585,0.85205,0.06373
00009586,1.22643,0.09282
00009587,0.60726,0.04209
00009588,0.48822,0.02812
00009589,0.33715,0.02102
00009590,0.48198,0.03206
00009591,0.29632,0.02594
00009592,0.46607,0.02780
00009593,0.72548,0.06773
00009594,0.74420,0.06343
00009595,0.51338,0.03171
00009596,1.07688,0.07556
00009597,0.72079,0.08223
00009598,0.38310,0.02713
00009599,0.99102,0.08570
00009600,1.16832,0.08630
00009601,0.42279,0.03336
00009602,0.67910,0.03990
00009603,0.44514,0.02729
00009604,0.38712,0.04275
00009605,0.63369,0.03473
00009606,0.30273,0.02146
00009607,0.28364,0.02576
00009608,0.60202,0.04061
00009609,0.48050,0.02529
00009610,0.88415,0.06148
00009611,0.26060,0.03943
00009612,1.39336,0.11106
00009613,0.39288,0.02665
00009614,0.68133,0.04845
00009615,0.75168,0.04557
00009616,1.12803,0.09348
00009617,0.86249,0.05454
00009618,2.02670,0.19932
00009619,0.77834,0.05450
00009620,0.84217,0.05241
00009621,0.60523,0.04780
00009622,0.41183,0.02474
00009623,0.68183,0.05111
00009624,0.51857,0.04294
00009625,0.27152,0.02324
00009626,2.00703,0.19132
00009627,0.44162,0.03055
00009628,0.90869,0.09952
00009629,0.36204,0.02449
00009630,0.38927,0.02803
00009631,0.31244,0.02355
00009632,0.59954,0.04042
00009633,0.88058,0.05842
00009634,0.64043,0.03870
00009635,0.80569,0.04773
00009636,1.21804,0.09730
00009637,0.50911,0.03493
00009638,0.45369,0.02738
00009639,0.39992,0.03153
00009640,1.72172,0.24014
00009641,1.56773,0.11885
00009642,1.04022,0.08013
00009643,0.93209,0.06839
00009644,0.74215,0.05785
00009645,1.34912,0.11394
00009646,0.66866,0.03825
00009647,0.58130,0.03244
00009648,0.65071,0.03824
00009649,1.83166,0.18167
00009650,0.74249,0.03957
00009651,0.45097,0.03257
00009652,1.86990,0.18842
00009653,1.03887,0.06965
00009654,0.53692,0.03792
00009655,0.36949,0.02355
00009656,0.52414,0.03567
00009657,0.85378,0.05217
00009658,0.54071,0.04171
00009659,0.83593,0.06960
00009660,1.27704,0.12279
00009661,0.69004,0.04797
00009662,0.35452,0.02721
00009663,0.69287,0.03874
00009664,0.23427,0.02188
00009665,0.33934,0.03394
00009666,0.39027,0.02739
00009667,1.04410,0.07500
00009668,0.87137,0.05739
00009669,0.95260,0.06062
00009670,0.62759,0.03484
00009671,0.84484,0.05259
00009672,0.32978,0.03693
00009673,0.56487,0.04372
00009674,0.30025,0.03729
00009675,0.59011,0.03726
00009676,0.58685,0.03107
00009677,0.58395,0.03519
00009678,0.40497,0.02491
00009679,1.38192,0.16781
00009680,0.86730,0.05430
00009681,0.45948,0.03566
00009682,0.49289,0.03313
00009683,0.50825,0.02840
00009684,0.73937,0.04176
00009685,0.87202,0.05757
00009686,0.39420,0.02702
00009687,1.69778,0.15015
00009688,0.77971,0.05369
00009689,0.46672,0.02984
00009690,0.70479,0.03697
00009691,0.28084,0.03022
00009692,0.85848,0.06828
00009693,1.12502,0.23610
00009694,0.35405,0.02582
00009695,0.40813,0.03410
00009696,0.96631,0.08724
00009697,0.59741,0.03939
00009698,1.03685,0.07928
00009699,0.26955,0.02739
00009700,0.45758,0.03785
00009701,0.63831,0.03604
00009702,1.06850,0.07541
00009703,0.36561,0.03003
00009704,0.54962,0.03347
00009705,1.16011,0.09128
00009706,1.88520,0.15404
00009707,0.59597,0.03581
00009708,0.53027,0.03402
00009709,0.34455,0.02737
00009710,0.27423,0.02710
00009711,1.04595,0.07432
00009712,0.25908,0.02915
00009713,0.49926,0.02689
00009714,0.36892,0.03363
00009715,0.76317,0.06060
00009716,0.60597,0.04299
00009717,0.23153,0.02251
00009718,0.69684,0.04149
00009719,0.29800,0.03227
00009720,0.75762,0.07009
00009721,0.34380,0.02571
00009722,0.43247,0.02745
00009723,0.74247,0.05367
00009724,1.74369,0.17851
00009725,0.86546,0.07063
00009726,0.76995,0.04888
00009727,0.37158,0.04270
00009728,0.64882,0.04373
00009729,0.65403,0.05416
00009730,0.35196,0.02657
00009731,0.74200,0.04226
00009732,1.31074,0.10081
00009733,0.50040,0.05315
00009734,0.48863,0.02701
00009735,0.83239,0.07113
00009736,0.37029,0.03071
00009737,0.44858,0.03664
00009738,1.18664,0.09912
00009739,0.68762,0.04574
00009740,0.96657,0.06831
00009741,0.96266,0.06489
00009742,0.52348,0.03256
00009743,0.70896,0.05182
00009744,0.65903,0.03784
00009745,2.33610,0.31417
00009746,1.85124,0.16266
00009747,0.51524,0.04354
00009748,2.30251,0.29384
00009749,0.43248,0.02757
00009750,0.30084,0.02317
00009751,0.78905,0.04841
00009752,0.88720,0.05811
00009753,2.30406,0.28469
00009754,0.35986,0.03010
00009755,0.48896,0.02970
00009756,1.09347,0.08492
00009757,0.43137,0.03132
00009758,1.42005,0.10521
00009759,0.88739,0.08244
00009760,0.59646,0.03498
00009761,0.33585,0.03403
00009762,1.07439,0.11210
00009763,0.41818,0.04253
00009764,0.60376,0.04589
00009765,0.52181,0.04573
00009766,0.33286,0.02554
00009767,0.75001,0.04498
00009768,0.64647,0.05736
00009769,0.53302,0.03501
00009770,0.19908,0.02544
00009771,0.66318,0.04502
00009772,0.93721,0.05701
00009773,0.75660,0.05243
00009774,0.58354,0.04376
00009775,0.52236,0.03062
00009776,0.69395,0.04021
00009777,0.28982,0.03608
00009778,0.26034,0.02413
00009779,1.12235,0.09849
00009780,0.26508,0.03578
00009781,2.13769,0.20890
00009782,1.78428,0.17143
00009783,0.59901,0.04446
00009784,1.01897,0.10290
00009785,1.38071,0.12833
00009786,0.90982,0.06305
00009787,0.41670,0.03865
00009788,0.52293,0.03289
00009789,0.72463,0.04045
00009790,0.50517,0.03640
00009791,0.98878,0.07526
00009792,1.67034,0.15296
00009793,1.75573,0.19348
00009794,0.71640,0.03595
00009795,0.64507,0.04256
00009796,0.23246,0.02211
00009797,0.38038,0.03424
00009798,1.09395,0.09724
00009799,1.07993,0.08948
00009800,1.06309,0.07385
00009801,0.43528,0.02553
00009802,0.53257,0.05100
00009803,0.41455,0.03419
00009804,0.35790,0.02721
00009805,0.35100,0.02731
00009806,0.65440,0.03779
00009807,0.37001,0.02424
00009808,0.36098,0.02244
00009809,0.91404,0.09617
00009810,2.26251,0.23691
00009811,0.31450,0.02335
00009812,0.83354,0.05121
00009813,0.36315,0.02649
00009814,0.31641,0.02556
00009815,0.35592,0.03272
00009816,0.82992,0.05389
00009817,1.93924,0.16673
00009818,0.55333,0.03225
00009819,1.07355,0.07521
00009820,0.57485,0.04100
00009821,1.22810,0.11084
00009822,0.69229,0.04221
00009823,1.16333,0.09241
00009824,0.31819,0.02884
00009825,0.70017,0.04160
00009826,0.18489,0.01914
00009827,0.42665,0.02252
00009828,0.24166,0.02125
00009829,0.69720,0.05858
00009830,0.28370,0.03817
00009831,0.50778,0.03523
00009832,0.32206,0.02825
00009833,0.40167,0.02546
00009834,1.80530,0.23948
00009835,2.28588,0.24064
00009836,0.64309,0.04007
00009837,0.79313,0.06117
00009838,0.51709,0.02819
00009839,0.38184,0.02773
00009840,0.79685,0.07433
00009841,0.36506,0.03262
00009842,1.18230,0.08142
00009843,0.36356,0.02388
00009844,1.15769,0.08054
00009845,0.95115,0.08178
00009846,0.41152,0.02521
00009847,0.41150,0.02633
00009848,2.66355,0.26416
00009849,0.90910,0.07999
00009850,0.31486,0.02665
00009851,1.14782,0.07946
00009852,0.71397,0.03729
00009853,1.78065,0.15970
00009854,1.35007,0.10928
00009855,0.96057,0.18283
00009856,1.14881,0.10760
00009857,0.54005,0.02868
00009858,0.47280,0.02874
00009859,0.35640,0.02902
00009860,0.76515,0.05597
00009861,1.12067,0.08342
00009862,0.42152,0.02927
00009863,2.07380,0.21111
00009864,1.52158,0.11553
00009865,0.42283,0.02998
00009866,1.35988,0.30852
00009867,0.63384,0.04120
00009868,0.87698,0.05536
00009869,0.49434,0.03051
00009870,1.83524,0.18249
00009871,0.50074,0.03052
00009872,0.43831,0.03364
00009873,0.77376,0.04071
00009874,0.70429,0.04277
00009875,0.66466,0.03771
00009876,0.77776,0.06581
00009877,0.49663,0.07463
00009878,0.65566,0.04042
00009879,2.64738,0.29421
00009880,0.42817,0.05418
00009881,0.59450,0.03584
00009882,0.56493,0.05442
00009883,0.60639,0.03701
00009884,0.84548,0.04998
00009885,0.23073,0.02418
00009886,0.41393,0.03268
00009887,0.68329,0.03959
00009888,0.37348,0.02782
00009889,0.58607,0.03677
00009890,0.33823,0.03019
00009891,0.73557,0.04927
00009892,0.74158,0.04479
00009893,0.34077,0.02263
00009894,1.15763,0.10677
00009895,0.61175,0.03552
00009896,0.75018,0.07285
00009897,0.75479,0.04483
00009898,0.28999,0.02233
00009899,0.76969,0.06027
00009900,0.53349,0.03694
00009901,0.57133,0.03564
00009902,1.08407,0.09478
00009903,1.29677,0.26361
00009904,0.38600,0.06156
00009905,0.90909,0.07378
00009906,0.95800,0.07341
00009907,0.80074,0.06258
00009908,0.32541,0.02713
00009909,0.61408,0.04884
00009910,0.46513,0.04712
00009911,0.74507,0.04928
00009912,0.24152,0.02294
00009913,0.80257,0.06585
00009914,0.66222,0.15578
00009915,1.39188,0.11853
00009916,0.46839,0.03860
00009917,1.20136,0.08676
00009918,1.05252,0.07801
00009919,0.87319,0.13444
00009920,0.78983,0.04482
00009921,1.14656,0.08066
00009922,2.68581,0.28962
00009923,2.37409,0.23260
00009924,0.49240,0.03509
00009925,1.18813,0.08744
00009926,1.45693,0.12808
00009927,0.72408,0.03949
00009928,0.19794,0.02166
00009929,0.75817,0.10470
00009930,1.33991,0.13348
00009931,2.75030,0.30886
00009932,1.24903,0.12174
00009933,0.75555,0.05222
00009934,0.64784,0.04449
00009935,1.12768,0.07668
00009936,0.43582,0.02986
00009937,0.61287,0.04085
00009938,1.01172,0.08583
00009939,0.89286,0.07326
00009940,0.23021,0.02388
00009941,0.39762,0.02642
00009942,0.65497,0.04104
00009943,0.30517,0.03571
00009944,0.46980,0.03426
00009945,0.23034,0.02609
00009946,1.06408,0.07341
00009947,0.62697,0.05269
00009948,0.44744,0.02578
00009949,0.32397,0.03166
00009950,0.66486,0.03975
00009951,0.47101,0.03334
00009952,0.62738,0.03429
00009953,0.28744,0.02384
00009954,0.36020,0.02409
00009955,1.22763,0.09080
00009956,0.93506,0.06671
00009957,1.90848,0.26100
00009958,0.86888,0.04911
00009959,0.27373,0.02464
00009960,1.18052,0.11113
00009961,0.34450,0.02506
00009962,0.26175,0.02913
00009963,0.58613,0.03061
00009964,2.28198,0.22922
00009965,1.89125,0.15914
00009966,0.87141,0.06127
00009967,0.70945,0.04206
00009968,0.66337,0.07733
00009969,0.29274,0.02447
00009970,0.46884,0.02547
00009971,0.64028,0.04957
00009972,0.53816,0.04097
00009973,1.73853,0.17251
00009974,0.49644,0.02957
00009975,0.41923,0.04321
00009976,0.35766,0.03478
00009977,0.58266,0.03747
00009978,0.87955,0.05944
00009979,0.44079,0.03419
00009980,3.28578,0.50141
00009981,0.31761,0.02439
00009982,0.49378,0.02543
00009983,0.65690,0.05101
00009984,0.24060,0.04186
00009985,1.07987,0.07466
00009986,0.43871,0.02550
00009987,1.87802,0.15455
00009988,0.79214,0.05216
00009989,1.06352,0.09328
00009990,0.87999,0.08207
00009991,0.39229,0.03052
00009992,0.77915,0.05568
00009993,0.41944,0.03812
00009994,1.03003,0.07310
00009995,0.22309,0.02681
00009996,0.27440,0.02500
00009997,2.89241,0.35996
00009998,1.51889,0.14404
00009999,0.61700,0.03265
00010000,1.35893,0.11274
00010001,0.59432,0.03564
00010002,1.29507,0.10036
00010003,0.51221,0.03956
00010004,1.12448,0.08136
00010005,0.91004,0.07012
00010006,2.09827,0.23960
00010007,0.47334,0.02423
00010008,0.30096,0.02436
00010009,0.57019,0.03088
00010010,1.26792,0.10371
00010011,0.28158,0.02357
00010012,0.57713,0.03485
00010013,0.43905,0.02625
00010014,0.59386,0.03966
00010015,0.33994,0.02296
00010016,0.69953,0.04403
00010017,0.45176,0.02551
00010018,0.37613,0.03110
00010019,0.66460,0.03913
00010020,0.30405,0.02250
00010021,0.47417,0.02668
00010022,0.82647,0.04939
00010023,0.36016,0.02654
00010024,0.35674,0.02995
00010025,1.18328,0.16221
00010026,0.51289,0.03203
00010027,0.91555,0.07582
00010028,0.66906,0.04482
00010029,0.33314,0.02530
00010030,0.85225,0.05443
00010031,1.12524,0.10234
00010032,0.33088,0.03010
00010033,0.91563,0.06443
00010034,0.94138,0.06406
00010035,1.13227,0.09124
00010036,0.45902,0.05592
00010037,0.48169,0.06102
00010038,2.79438,0.30366
00010039,0.27668,0.02238
00010040,0.98562,0.07317
00010041,0.67124,0.04017
00010042,0.68898,0.05062
00010043,0.66611,0.03772
00010044,1.31863,0.12608
00010045,0.32166,0.02149
00010046,0.31368,0.02789
00010047,1.49981,0.11054
00010048,0.40341,0.03644
00010049,0.75014,0.05915
00010050,0.97977,0.06179
00010051,0.18091,0.02012
00010052,0.55148,0.04305
00010053,0.58575,0.04809
00010054,0.48782,0.03014
00010055,0.42987,0.03022
00010056,0.63152,0.03994
00010057,0.37170,0.02953
00010058,0.47946,0.03327
00010059,0.64555,0.04409
00010060,0.48760,0.03014
00010061,0.29059,0.02424
00010062,1.47312,0.16178
00010063,1.18558,0.07984
00010064,1.03855,0.08430
00010065,1.24132,0.08583
00010066,0.79864,0.04470
00010067,2.23918,0.28444
00010068,0.83694,0.05145
00010069,0.53038,0.03369
00010070,0.36388,0.02349
00010071,0.74400,0.04997
00010072,0.74114,0.04035
00010073,0.60505,0.03003
00010074,0.37280,0.02386
00010075,0.82206,0.06319
00010076,0.67596,0.03564
00010077,0.74056,0.03899
00010078,1.20140,0.11358
00010079,0.26719,0.02516
00010080,0.61185,0.04700
00010081,0.91815,0.06674
00010082,0.42538,0.02619
00010083,1.07397,0.14254
00010084,0.61548,0.04594
00010085,0.39117,0.02755
00010086,1.03219,0.09610
00010087,0.33739,0.02573
00010088,1.73229,0.15362
00010089,0.57478,0.03759
00010090,0.20492,0.04242
00010091,0.55478,0.03729
00010092,0.51047,0.03577
00010093,0.54409,0.02812
00010094,0.68429,0.05560
00010095,0.38022,0.02433
00010096,0.89966,0.06685
00010097,0.66263,0.03604
00010098,0.40294,0.03221
00010099,0.47526,0.02438
00010100,0.50509,0.03562
00010101,0.42041,0.02799
00010102,0.69105,0.03616
00010103,0.45582,0.05935
00010104,0.98714,0.06789
00010105,0.92516,0.05927
00010106,0.62540,0.04488
00010107,0.30838,0.02702
00010108,0.59236,0.03514
00010109,0.34456,0.02570
00010110,0.37307,0.02931
00010111,0.54809,0.02742
00010112,0.46000,0.04214
00010113,0.37216,0.02679
00010114,0.43290,0.02880
00010115,1.36063,0.10820
00010116,1.08470,0.07925
00010117,0.73474,0.04532
00010118,0.56032,0.02985
00010119,1.25732,0.10219
00010120,0.25407,0.02478
00010121,0.50352,0.03977
00010122,0.90755,0.06056
00010123,0.85251,0.08134
00010124,1.32379,0.12899
00010125,0.78188,0.07124
00010126,0.48967,0.02461
00010127,1.96674,0.30997
00010128,0.56347,0.02933
00010129,0.72669,0.06237
00010130,0.43079,0.02918
00010131,1.40294,0.12991
00010132,0.36872,0.02673
00010133,0.50960,0.03144
00010134,0.58997,0.03285
00010135,0.94998,0.07768
00010136,0.42346,0.03136
00010137,0.45359,0.03752
00010138,1.41269,0.21060
00010139,0.69921,0.03709
00010140,0.39335,0.04356
00010141,0.27832,0.03061
00010142,1.38994,0.11823
00010143,0.45960,0.03207
00010144,1.10911,0.13360
00010145,1.86538,0.21250
00010146,0.41820,0.04464
00010147,0.36021,0.03114
00010148,0.39227,0.02486
00010149,1.74899,0.16821
00010150,0.43460,0.02802
00010151,0.32582,0.02555
00010152,1.25730,0.11625
00010153,1.41595,0.11406
00010154,0.70276,0.04175
00010155,0.62112,0.03571
00010156,0.63562,0.03730
00010157,2.04843,0.19951
00010158,0.44396,0.02545
00010159,0.71645,0.06819
00010160,0.41324,0.04491
00010161,0.17628,0.01905
00010162,0.60922,0.04178
00010163,0.38986,0.02663
00010164,0.25910,0.03679
00010165,0.65049,0.04675
00010166,0.55667,0.03898
00010167,0.60176,0.04388
00010168,0.52056,0.02847
00010169,0.60691,0.04160
00010170,0.45193,0.02786
00010171,1.86058,0.19662
00010172,0.40513,0.02517
00010173,0.70955,0.04735
00010174,0.62981,0.04407
00010175,0.50662,0.03606
00010176,0.38763,0.03035
00010177,1.72368,0.20685
00010178,0.51488,0.03652
00010179,0.76194,0.06274
00010180,0.34035,0.03279
00010181,1.09201,0.09339
00010182,1.33037,0.15574
00010183,1.12391,0.08238
00010184,1.16450,0.10991
00010185,0.45358,0.03035
00010186,0.93803,0.06612
00010187,0.52667,0.02855
00010188,1.03489,0.07587
00010189,0.18019,0.01960
00010190,0.78989,0.07249
00010191,0.44618,0.02462
00010192,1.23990,0.09899
00010193,0.36220,0.02591
00010194,0.39041,0.02592
00010195,0.98982,0.06878
00010196,0.38350,0.02272
00010197,0.41691,0.02351
00010198,1.07050,0.12694
00010199,0.67577,0.03644
00010200,0.42957,0.03177
00010201,0.35303,0.03059
00010202,1.02683,0.06758
00010203,1.03124,0.07675
00010204,0.96845,0.07498
00010205,0.55325,0.03878
00010206,0.65955,0.04214
00010207,2.13531,0.32470
00010208,0.50618,0.03428
00010209,1.28006,0.11237
00010210,0.46699,0.02507
00010211,0.25845,0.02644
00010212,0.78340,0.07538
00010213,0.72169,0.05745
00010214,0.75951,0.04701
00010215,0.46055,0.03242
00010216,0.18632,0.02179
00010217,0.83864,0.09764
00010218,1.37560,0.16510
00010219,0.58732,0.03684
00010220,0.34211,0.02418
00010221,0.54198,0.02649
00010222,0.20369,0.02015
00010223,0.71716,0.04492
00010224,2.52932,0.24916
00010225,0.69400,0.04210
00010226,0.99910,0.06215
00010227,0.63812,0.05015
00010228,0.95167,0.06223
00010229,0.39895,0.02489
00010230,0.93962,0.06242
00010231,0.59478,0.03128
00010232,1.35843,0.09422
00010233,0.29421,0.02701
00010234,0.63402,0.04427
00010235,0.58573,0.03173
00010236,0.51254,0.03671
00010237,0.95510,0.06700
00010238,0.66354,0.05022
00010239,0.71527,0.05477
00010240,0.59904,0.04544
00010241,1.26162,0.09758
00010242,0.51940,0.02643
00010243,0.45496,0.04080
00010244,0.51382,0.04100
00010245,0.58425,0.04562
00010246,0.42825,0.02546
00010247,0.34956,0.04542
00010248,0.35725,0.02725
00010249,0.94931,0.05500
00010250,0.63825,0.03779
00010251,0.50817,0.03019
00010252,0.65060,0.04656
00010253,0.53040,0.04582
00010254,0.43648,0.03296
00010255,2.69802,0.28749
00010256,0.64718,0.06343
00010257,1.06804,0.07220
00010258,0.66406,0.03698
00010259,1.80019,0.21359
00010260,0.48139,0.03034
00010261,0.58845,0.03574
00010262,1.08460,0.10240
00010263,0.50369,0.03536
00010264,0.52252,0.03808
00010265,0.98097,0.07307
00010266,1.97104,0.20217
00010267,0.42083,0.03550
00010268,0.41386,0.04101
00010269,0.57703,0.04275
00010270,0.58697,0.03354
00010271,0.30590,0.02466
00010272,0.59999,0.05049
00010273,1.14404,0.09198
00010274,0.89398,0.06069
00010275,0.25025,0.02234
00010276,0.46133,0.03532
00010277,0.70524,0.05073
00010278,0.48657,0.03242
00010279,0.71383,0.04411
00010280,0.26355,0.02582
00010281,0.19929,0.02611
00010282,2.47219,0.28348
00010283,2.36759,0.32357
00010284,0.46413,0.03292
00010285,0.56838,0.04608
00010286,2.57383,0.29629
00010287,1.28175,0.11750
00010288,1.19478,0.09170
00010289,1.31269,0.13142
00010290,0.58506,0.03501
00010291,0.20538,0.01968
00010292,0.21931,0.02215
00010293,0.50736,0.03450
00010294,0.48641,0.03467
00010295,1.10227,0.07473
00010296,0.44235,0.02637
00010297,0.62037,0.03141
00010298,0.52380,0.03403
00010299,0.52417,0.03098
00010300,0.75205,0.05663
00010301,1.12117,0.12126
00010302,1.13698,0.08038
00010303,2.21428,0.24915
00010304,0.51200,0.02823
00010305,0.56451,0.03218
00010306,0.60272,0.06025
00010307,0.95975,0.06964
00010308,0.77906,0.05709
00010310,1.21319,0.10296
00010311,0.30012,0.02277
00010312,1.02369,0.08115
00010313,2.15515,0.33627
00010314,0.84269,0.06567
00010315,0.71133,0.04208
00010316,1.80497,0.15486
00010317,0.90067,0.09583
00010318,0.41841,0.02330
00010319,0.47093,0.02752
00010320,0.72198,0.04540
00010321,0.44129,0.03444
00010322,0.24382,0.02323
00010323,0.60963,0.06716
00010324,0.36521,0.03289
00010325,1.77879,0.13730
00010326,0.25787,0.02287
00010327,0.35778,0.02554
00010328,0.39520,0.02436
00010329,1.91048,0.18121
00010330,0.78453,0.05862
00010331,0.82159,0.04572
00010332,0.30652,0.03922
00010333,0.29527,0.02267
00010334,0.82488,0.04916
00010335,1.47985,0.21778
00010336,0.43080,0.02622
00010337,0.95127,0.07991
00010338,0.76419,0.06723
00010339,0.81006,0.06083
00010340,0.70103,0.05345
00010341,0.50488,0.03220
00010342,0.82413,0.06157
00010343,0.65753,0.04955
00010344,0.41021,0.02711
00010345,0.75491,0.04314
00010346,2.65948,0.30264
00010347,0.69854,0.03901
00010348,0.65256,0.03650
00010349,1.10950,0.07948
00010350,1.12160,0.08908
00010351,0.52613,0.04647
00010352,0.55561,0.03395
00010353,0.76403,0.04168
00010354,0.72426,0.04213
00010355,0.95181,0.06825
00010356,0.35124,0.02843
00010357,0.66175,0.03725
00010358,0.87087,0.05459
00010359,1.02579,0.07374
00010360,0.56442,0.04450
00010361,1.87893,0.19475
00010362,0.90842,0.10474
00010363,2.59161,0.46822
00010364,0.75318,0.04520
00010365,0.27418,0.02731
00010366,0.87940,0.05458
00010367,0.54006,0.03161
00010368,1.22012,0.09062
00010369,0.62270,0.03345
00010370,0.26707,0.02289
00010371,0.52481,0.03208
00010372,0.51734,0.08946
00010373,0.41087,0.02447
00010374,1.14982,0.11434
00010375,0.55886,0.03302
00010376,0.68444,0.05285
00010377,0.46521,0.02789
00010378,0.46589,0.02681
00010379,0.83704,0.05229
00010380,1.15209,0.16767
00010381,0.35744,0.02401
00010382,0.38927,0.02727
00010383,1.17328,0.09557
00010384,0.22145,0.02237
00010385,0.74731,0.05059
00010386,0.25877,0.02162
00010387,0.40059,0.02793
00010388,1.46440,0.14036
00010389,0.56433,0.03695
00010390,0.59243,0.03968
00010391,0.69661,0.04206
00010392,0.28548,0.02437
00010393,0.21678,0.02123
00010394,1.03877,0.08282
00010395,0.18376,0.01897
00010396,0.64675,0.03689
00010397,0.54359,0.03265
00010398,2.27880,0.22073
00010399,1.28685,0.09905
00010400,0.63028,0.04643
00010401,2.23867,0.23499
00010402,2.38413,0.28658
00010403,1.14958,0.07829
00010404,0.42735,0.04076
00010405,0.54175,0.03299
00010406,0.44250,0.02940
00010407,0.49272,0.03219
00010408,0.62141,0.15903
00010409,0.43943,0.02640
00010410,2.99893,0.34923
00010411,0.47233,0.03526
00010412,0.53759,0.03744
00010413,0.77894,0.05635
00010414,0.42563,0.03763
00010415,0.32444,0.02841
00010416,0.53166,0.03572
00010417,0.64671,0.03333
00010418,0.39759,0.02616
00010419,0.69542,0.04296
00010420,0.87626,0.06732
00010421,0.67593,0.03504
00010422,0.60135,0.04251
00010423,0.78241,0.06423
00010424,0.44979,0.02620
00010425,0.42104,0.03064
00010426,0.86034,0.05515
00010427,0.81128,0.05465
00010428,0.45992,0.02441
00010429,0.72003,0.04246
00010430,0.39306,0.02977
00010431,0.22360,0.02186
00010432,0.62245,0.04141
00010433,0.20291,0.02669
00010434,0.87927,0.06572
00010435,0.47851,0.06055
00010436,0.35789,0.03136
00010437,0.55856,0.02803
00010438,1.13322,0.09511
00010439,0.39452,0.02913
00010440,0.57548,0.04139
00010441,0.56516,0.03502
00010442,0.55083,0.03671
00010443,0.59175,0.03458
00010444,0.96250,0.07554
00010445,0.72219,0.04194
00010446,0.76499,0.04874
00010447,0.64383,0.04578
00010448,0.73773,0.04257
00010449,1.51718,0.12512
00010450,0.44890,0.02746
00010451,1.88954,0.17641
00010452,0.35584,0.03899
00010453,1.04069,0.13646
00010454,0.28992,0.02881
00010455,0.61470,0.03396
00010456,0.61803,0.04618
00010457,0.27037,0.02935
00010458,1.35269,0.13126
00010459,1.09232,0.07173
00010460,0.89546,0.05955
00010461,0.39721,0.03140
00010462,0.19182,0.01924
00010463,0.77383,0.05883
00010464,1.03519,0.08219
00010465,0.82359,0.05048
00010466,0.46322,0.02424
00010467,1.25694,0.12985
00010468,0.81267,0.05037
00010469,0.64931,0.03755
00010470,0.93184,0.07707
00010471,0.52562,0.03811
00010472,0.26482,0.02542
00010473,0.62793,0.04020
00010474,0.20870,0.02446
00010475,0.66904,0.04550
00010476,0.50935,0.03353
00010477,1.63923,0.14561
00010478,0.75359,0.07474
00010479,2.85239,0.30217
00010480,1.03552,0.08162
00010481,2.59068,0.27856
00010482,1.17124,0.11741
00010483,0.35596,0.03741
00010484,0.86742,0.07097
00010485,0.33589,0.03055
00010486,0.24370,0.02398
00010487,0.52918,0.03524
00010488,0.66981,0.03812
00010489,0.59160,0.04526
00010490,0.31125,0.02662
00010491,0.92907,0.06982
00010492,0.61128,0.04525
00010493,1.64866,0.13290
00010494,0.45294,0.03673
00010495,0.47376,0.02882
00010496,1.22403,0.10940
00010497,0.36387,0.03187
00010498,1.17102,0.08491
00010499,0.39663,0.03212
00010500,0.57445,0.04174
00010501,1.68402,0.15078
00010502,0.36240,0.03438
00010503,0.71483,0.03637
00010504,0.22159,0.02354
00010505,0.29124,0.02194
00010506,0.27405,0.02438
00010507,0.35204,0.02224
00010508,0.57301,0.04217
00010509,0.68960,0.06030
00010510,0.58630,0.03873
00010511,0.39564,0.04647
00010512,0.48146,0.03325
00010513,0.77906,0.04567
00010514,0.40464,0.03300
00010515,0.82861,0.06930
00010516,0.52029,0.03632
00010517,0.67052,0.03372
00010518,0.37944,0.02472
00010519,0.19503,0.02092
00010520,1.14302,0.08663
00010521,0.76114,0.03922
00010522,0.48772,0.03527
00010523,1.04035,0.08395
00010524,0.84807,0.09600
00010525,0.71976,0.04496
00010526,1.05094,0.11236
00010527,0.96235,0.05731
00010528,0.47027,0.03164
00010529,0.75930,0.03942
00010530,1.60010,0.14331
00010531,0.85282,0.06033
00010532,0.70987,0.04501
00010533,0.91882,0.06223
00010534,0.45350,0.03448
00010535,0.87350,0.09248
00010536,0.66261,0.03751
00010537,0.60060,0.03342
00010538,0.61589,0.03830
00010539,0.89168,0.05559
00010540,0.65705,0.03932
00010541,0.29186,0.02197
00010542,0.48059,0.07961
00010543,0.30430,0.02740
00010544,0.40417,0.02953
00010545,0.56021,0.03416
00010546,0.23037,0.02556
00010547,0.49984,0.02892
00010548,1.15382,0.08767
00010549,0.80291,0.05692
00010550,0.68596,0.05354
00010551,0.66915,0.04254
00010552,0.39163,0.03190
00010553,0.65880,0.04646
00010554,0.88881,0.07253
00010555,0.57971,0.05288
00010556,0.82891,0.05142
00010557,1.09647,0.09986
00010558,1.62759,0.14083
00010559,0.60243,0.03953
00010560,1.15454,0.08729
00010561,0.70351,0.04265
00010562,1.72632,0.13780
00010563,0.56353,0.03428
00010564,0.63825,0.04545
00010565,0.64699,0.03245
00010566,0.61877,0.04559
00010567,0.35571,0.02344
00010568,2.09418,0.68638
00010569,0.45904,0.03206
00010570,0.45615,0.03586
00010571,1.14228,0.09644
00010572,0.49258,0.02617
00010573,0.85913,0.05852
00010574,0.68518,0.13843
00010575,0.41751,0.02436
00010576,0.75135,0.05233
00010577,0.51335,0.03226
00010578,0.42799,0.03143
00010579,0.69641,0.03827
00010580,0.62545,0.04769
00010581,0.88400,0.04971
00010582,0.60825,0.03508
00010583,0.66684,0.04364
00010584,0.25455,0.02364
00010585,0.57451,0.03023
00010586,0.97180,0.07991
00010587,1.74970,0.14860
00010588,0.37652,0.02688
00010589,0.36835,0.03779
00010590,0.75649,0.23531
00010591,1.49849,0.12580
00010592,0.26406,0.02450
00010593,1.19556,0.10849
00010594,1.12887,0.12849
00010595,0.48341,0.03130
00010596,0.68527,0.03951
00010597,0.55795,0.03844
00010598,0.74383,0.06385
00010599,1.25576,0.13003
00010600,0.90193,0.10814
00010601,0.93868,0.07320
00010602,0.47679,0.03197
00010603,0.52495,0.03630
00010604,0.46596,0.02838
00010605,0.58542,0.08772
00010606,1.81969,0.15771
00010607,1.09220,0.08391
00010608,1.10509,0.08748
00010609,1.68525,0.15792
00010610,0.50295,0.03059
00010611,0.25155,0.02242
00010612,0.67974,0.04896
00010613,0.67860,0.03483
00010614,0.54736,0.03924
00010615,1.42467,0.11336
00010616,0.60819,0.03588
00010617,0.66176,0.04276
00010618,0.79785,0.04243
00010619,0.66229,0.04362
00010620,0.52495,0.02848
00010621,1.09887,0.09414
00010622,0.58719,0.09655
00010623,0.49537,0.04470
00010624,1.32224,0.32910
00010625,0.38630,0.02633
00010626,0.91166,0.07119
00010627,1.06122,0.06783
00010628,0.81085,0.05970
00010629,0.83959,0.04906
00010630,1.25787,0.13696
00010631,0.94527,0.06333
00010632,0.24984,0.03465
00010633,0.25177,0.04340
00010634,0.31855,0.03168
00010635,0.52928,0.04382
00010636,0.57853,0.03509
00010637,0.58534,0.04130
00010638,0.47860,0.03471
00010639,1.39441,0.11510
00010640,0.71964,0.04164
00010641,1.07835,0.12999
00010642,0.32936,0.02346
00010643,1.68581,0.18261
00010644,0.60778,0.03754
00010645,0.50136,0.03658
00010646,0.35427,0.04210
00010647,0.47375,0.02416
00010648,0.58017,0.03409
00010649,0.57457,0.03833
00010650,0.45843,0.02842
00010651,0.51493,0.03293
00010652,0.73508,0.04799
00010653,0.42878,0.02589
00010654,0.47575,0.03060
00010655,0.82173,0.05781
00010656,0.39298,0.02765
00010657,0.99305,0.06382
00010658,0.59345,0.03136
00010659,0.42354,0.03221
00010660,0.72049,0.07286
00010661,0.48674,0.03005
00010662,0.80742,0.06699
00010663,1.02405,0.06412
00010664,1.07328,0.06828
00010665,0.53622,0.03479
00010666,1.17336,0.10003
00010667,0.26875,0.03194
00010668,1.42057,0.15726
00010669,1.79043,0.15573
00010670,0.70643,0.04598
00010671,0.59434,0.03227
00010672,0.75219,0.04731
00010673,2.26483,0.27467
00010674,0.73197,0.04775
00010675,2.19750,0.22756
00010676,1.32238,0.12234
00010677,0.77150,0.05456
00010678,0.39181,0.03628
00010679,1.62872,0.14214
00010680,0.42737,0.02878
00010681,1.89337,0.23022
00010682,0.30477,0.02645
00010683,0.19118,0.02785
00010684,0.84420,0.06370
00010685,1.14424,0.09066
00010686,1.46197,0.11492
00010687,0.33028,0.02595
00010688,0.43966,0.03826
00010689,0.30990,0.02467
00010690,0.56804,0.02947
00010691,0.72148,0.05193
00010692,0.70926,0.04365
00010693,0.45800,0.02881
00010694,0.46763,0.04230
00010695,0.52526,0.02989
00010696,0.59991,0.04243
00010697,0.73405,0.04454
00010698,0.49728,0.03605
00010699,1.29393,0.16801
00010700,1.95674,0.21297
00010701,0.36723,0.02958
00010702,1.57789,0.16027
00010703,0.57644,0.03617
00010704,0.53654,0.02698
00010705,0.82736,0.05033
00010706,0.85146,0.05718
00010707,0.22754,0.02075
00010708,0.65481,0.08499
00010709,2.52982,0.33662
00010710,0.24116,0.02722
00010711,0.55952,0.03431
00010712,1.02140,0.07153
00010713,0.26553,0.02417
00010714,0.37058,0.02866
00010715,0.49913,0.02753
00010716,0.49007,0.02689
00010717,0.82706,0.06641
00010718,1.07188,0.10470
00010719,0.59783,0.03740
00010720,0.50579,0.03355
00010721,0.64711,0.04042
00010722,0.53952,0.03954
00010723,0.92590,0.07081
00010724,0.26155,0.02165
00010725,1.00884,0.07193
00010726,1.51438,0.13839
00010727,0.52764,0.02751
00010728,0.71180,0.05953
00010729,0.50409,0.03320
00010730,0.67373,0.05649
00010731,1.89875,0.16251
00010732,0.51859,0.02870
00010733,0.67725,0.04158
00010734,0.66140,0.03532
00010735,1.04624,0.09543
00010736,0.63994,0.03706
00010737,1.29083,0.09327
00010738,1.54617,0.14987
00010739,1.00746,0.11229
00010740,0.51709,0.02940
00010741,0.70522,0.04617
00010742,0.82872,0.07727
00010743,0.41160,0.04024
00010744,0.71730,0.04559
00010745,0.35866,0.03393
00010746,0.60717,0.04603
00010747,0.31390,0.02475
00010748,0.44712,0.03054
00010749,1.64260,0.15957
00010750,0.33121,0.02385
00010751,0.28778,0.02235
00010752,0.68297,0.04793
00010753,0.53475,0.04551
00010754,1.42332,0.12390
00010755,1.73441,0.16481
00010756,2.59693,0.40066
00010757,0.68387,0.04242
00010758,0.46712,0.02877
00010759,0.56836,0.04369
00010760,0.65050,0.03399
00010761,0.33604,0.02301
00010762,1.45244,0.12466
00010763,0.21750,0.02555
00010764,1.32605,0.10824
00010765,0.45452,0.03993
00010766,0.54983,0.03658
00010767,0.48135,0.02889
00010768,0.29186,0.02228
00010769,0.27716,0.02560
00010770,1.25042,0.08844
00010771,1.02320,0.05950
00010772,0.39456,0.02819
00010773,0.81296,0.08396
00010774,0.62948,0.04228
00010775,0.58492,0.04049
00010776,0.36251,0.02414
00010777,0.52266,0.03027
00010778,0.50253,0.02821
00010779,0.45552,0.02863
00010780,0.25774,0.02476
00010781,0.38582,0.02422
00010782,0.80095,0.04646
00010783,1.13107,0.10329
00010784,0.77925,0.04527
00010785,0.81169,0.04678
00010786,0.21078,0.02239
00010787,1.16807,0.09508
00010788,0.38208,0.02691
00010789,1.30003,0.09334
00010790,1.81457,0.18185
00010791,0.89834,0.05634
00010792,0.68063,0.04941
00010793,1.43387,0.24279
00010794,1.35907,0.16941
00010795,0.17473,0.01889
00010796,0.49192,0.04255
00010797,0.55479,0.03267
00010798,0.65785,0.03530
00010799,0.59279,0.03775
00010800,0.71427,0.04827
00010801,0.85128,0.05403
00010802,0.38814,0.02222
00010803,0.79084,0.04158
00010804,0.94966,0.07903
00010805,0.26086,0.02360
00010806,0.59102,0.03293
00010807,2.87121,0.39645
00010808,0.52861,0.03317
00010809,0.47117,0.02787
00010810,0.71456,0.05182
00010811,0.22733,0.02757
00010812,0.69937,0.04452
00010813,0.66099,0.04099
00010814,0.55552,0.03815
00010815,0.26340,0.02138
00010816,2.19145,0.32384
00010817,0.59958,0.03541
00010818,1.84515,0.19197
00010819,0.77515,0.04365
00010820,0.47261,0.02775
00010821,0.33303,0.02411
00010822,0.70635,0.03802
00010823,0.94127,0.06121
00010824,0.76377,0.04778
00010825,0.42546,0.02606
00010826,0.64424,0.04556
00010827,0.65190,0.03421
00010828,0.52436,0.03498
00010829,1.43220,0.11568
00010830,0.65599,0.03725
00010831,0.38300,0.02641
00010832,1.60221,0.13701
00010833,0.55527,0.04517
00010834,0.61255,0.03632
00010835,0.31860,0.02674
00010836,0.32550,0.02539
00010837,0.58626,0.03862
00010838,0.75645,0.05372
00010839,1.40084,0.14277
00010840,0.42623,0.02507
00010841,0.36648,0.02491
00010842,0.40716,0.03354
00010843,0.24454,0.04439
00010844,0.45692,0.03211
00010845,0.84677,0.06850
00010846,0.98253,0.09603
00010848,0.56984,0.03775
00010849,0.49800,0.03180
00010850,1.32198,0.09971
00010851,2.07709,0.25026
00010852,0.86213,0.09845
00010853,1.30986,0.11810
00010854,0.73122,0.03960
00010855,0.64538,0.04184
00010856,1.27927,0.09535
00010857,0.43336,0.02584
00010858,1.31226,0.11815
00010859,2.59117,0.34259
00010860,0.32753,0.02442
00010861,0.68954,0.04250
00010862,0.44448,0.02707
00010863,0.33693,0.03072
00010864,0.68195,0.13926
00010865,1.48274,0.13951
00010866,0.76735,0.04411
00010867,0.87263,0.05698
00010868,0.87770,0.05842
00010869,0.67671,0.05544
00010870,0.41145,0.05263
00010871,1.76715,0.19197
00010872,1.22275,0.21982
00010873,0.57897,0.03464
00010874,0.69885,0.04600
00010875,0.44474,0.02594
00010876,0.61875,0.04630
00010877,0.42301,0.02999
00010878,0.61551,0.04799
00010879,0.60769,0.03862
00010880,0.67462,0.03975
00010881,0.48072,0.04681
00010882,0.88733,0.07409
00010883,0.26122,0.02229
00010884,0.96909,0.13920
00010885,0.40293,0.02646
00010886,0.46500,0.05293
00010887,0.66423,0.04204
00010888,0.32167,0.03439
00010889,1.06620,0.07296
00010890,0.96341,0.06570
00010891,0.60482,0.04020
00010892,0.95428,0.10839
00010893,2.54843,0.31648
00010894,0.46850,0.03929
00010895,0.73325,0.10034
00010896,2.60530,0.27974
00010897,1.24900,0.11794
00010898,0.86192,0.04634
00010899,0.58562,0.04644
00010900,0.54325,0.03286
00010901,0.53667,0.03573
00010902,0.68370,0.05030
00010903,0.82138,0.06046
00010904,1.02358,0.07075
00010905,2.24455,0.26295
00010906,2.70934,0.26377
00010907,0.80951,0.05914
00010908,0.48216,0.02728
00010909,0.49802,0.03250
00010910,0.67873,0.07067
00010911,2.13982,0.21248
00010912,0.57943,0.03822
00010913,2.44059,0.24267
00010914,0.82055,0.05578
00010915,2.01790,0.25229
00010916,0.27931,0.02143
00010917,0.60086,0.03286
00010918,0.40402,0.03340
00010919,0.47966,0.03248
00010920,0.49402,0.03944
00010921,0.52380,0.02905
00010922,0.70770,0.05215
00010923,0.51911,0.02704
00010924,0.59613,0.03335
00010925,0.64489,0.04820
00010926,1.02525,0.08299
00010927,1.26648,0.11299
00010928,0.43989,0.02674
00010929,0.78635,0.08908
00010930,0.38433,0.02935
00010931,0.45872,0.02775
00010932,0.31408,0.03278
00010933,0.66043,0.05690
00010934,0.61747,0.04205
00010935,0.81587,0.05796
00010936,1.26044,0.10487
00010937,1.38923,0.09801
00010938,0.97308,0.07689
00010939,0.84788,0.07067
00010940,0.55767,0.03646
00010941,0.86510,0.05420
00010942,0.51825,0.03362
00010943,0.42691,0.02620
00010944,1.52655,0.14404
00010945,1.03849,0.08289
00010946,0.40702,0.02723
00010947,0.37254,0.03096
00010948,1.06958,0.07068
00010949,0.43140,0.02861
00010950,0.52226,0.03355
00010951,0.50209,0.04559
00010952,0.71345,0.05110
00010953,0.52884,0.02773
00010954,0.43887,0.02524
00010955,0.74146,0.04395
00010956,0.29600,0.02871
00010957,0.56825,0.03656
00010958,0.83024,0.05631
00010959,0.56981,0.03021
00010960,1.02312,0.07617
00010961,0.30577,0.02997
00010962,0.85370,0.06263
00010963,0.54447,0.03628
00010964,1.03473,0.08392
00010965,0.88947,0.06356
00010966,1.39704,0.13023
00010967,1.21873,0.12424
00010968,0.55358,0.03289
00010969,0.66883,0.06516
00010970,0.28476,0.02113
00010971,0.82766,0.05400
00010972,1.29093,0.11960
00010973,0.24358,0.02721
00010974,0.72203,0.04929
00010975,0.44752,0.03622
00010976,0.36422,0.03097
00010978,1.13233,0.12093
00010979,0.98197,0.06331
00010980,0.42476,0.02585
00010981,0.22911,0.02181
00010982,0.55969,0.03989
00010983,0.81117,0.05395
00010984,1.37535,0.14993
00010985,2.48237,0.26459
00010986,0.49079,0.03375
00010987,0.82190,0.05542
00010988,0.62056,0.04199
00010989,0.39832,0.02929
00010990,1.15644,0.08906
00010991,0.55645,0.03216
00010992,0.58907,0.03662
00010993,0.37158,0.02922
00010994,0.66759,0.05090
00010995,0.20567,0.02329
00010996,0.55760,0.04721
00010997,0.36565,0.02867
00010998,0.89530,0.11276
00010999,0.28919,0.02266
00011000,0.28325,0.02229
00011001,0.36398,0.02587
00011002,1.49388,0.19041
00011003,1.00246,0.07422
00011004,0.44720,0.03304
00011005,0.47198,0.03084
00011006,0.83544,0.12858
00011007,0.92706,0.06292
00011008,0.73813,0.06252
00011009,1.89953,0.20444
00011010,0.37563,0.03749
00011011,0.24615,0.03280
00011012,0.32111,0.02294
00011013,0.69011,0.05965
00011014,0.69283,0.09517
00011015,0.94056,0.07824
00011016,0.38189,0.03072
00011017,0.42608,0.03801
00011018,1.78887,0.14460
00011019,0.46317,0.03335
00011020,0.40322,0.03450
00011021,1.67965,0.18046
00011022,1.51466,0.16665
00011023,0.27494,0.02290
00011024,0.58040,0.03625
00011025,0.97157,0.08376
00011026,0.46825,0.03821
00011027,1.43220,0.11013
00011028,1.71315,0.20718
00011029,0.61841,0.03354
00011030,0.57795,0.03904
00011031,0.44943,0.02892
00011032,0.81353,0.05057
00011033,1.58918,0.12574
00011034,0.70789,0.06185
00011035,0.19691,0.02538
00011036,0.28753,0.03101
00011037,1.11531,0.13884
00011038,0.95485,0.08350
00011039,0.59943,0.05851
00011040,0.50633,0.04876
00011041,0.25702,0.02403
00011042,0.73673,0.05328
00011043,0.44814,0.03192
00011044,0.42793,0.02821
00011045,0.59635,0.03823
00011046,1.36375,0.15505
00011047,1.34794,0.10174
00011048,0.74090,0.03902
00011049,0.63856,0.03611
00011050,0.68227,0.03820
00011051,0.91950,0.05480
00011052,1.29305,0.08895
00011053,0.47348,0.03200
00011054,0.71541,0.05066
00011055,2.58739,0.32101
00011056,0.57598,0.03295
00011057,0.80043,0.04832
00011058,0.47544,0.04369
00011059,0.19900,0.02088
00011060,0.39076,0.03209
00011061,0.48245,0.03790
00011062,0.46835,0.02977
00011063,0.50029,0.03211
00011064,1.51278,0.14193
00011065,0.59290,0.03643
00011066,1.19395,0.10637
00011067,1.02653,0.08983
00011068,1.54985,0.12111
00011069,0.50835,0.03330
00011070,0.55457,0.04365
00011071,1.01179,0.06896
00011072,0.56274,0.03331
00011073,0.55215,0.03288
00011074,1.14672,0.10974
00011075,0.94618,0.09554
00011076,0.50845,0.03517
00011077,0.20645,0.02820
00011078,0.48831,0.02955
00011079,1.00190,0.06946
00011080,0.29340,0.02353
00011081,1.46451,0.14517
00011082,0.35709,0.03202
00011083,0.47134,0.04664
00011084,0.42356,0.02935
00011085,0.44512,0.02906
00011086,0.98516,0.07837
00011087,0.68735,0.05043
00011088,0.19698,0.03070
00011089,0.33160,0.02450
00011090,0.77026,0.04862
00011091,0.57400,0.04185
00011092,0.86555,0.09556
